4096 4096
1123
619 1017 619 66 130 66
3 472 936 472 936 831
607 855 563 855 563 535
200 807 63 807 63 996
866 320 119 320 119 102
227 98 227 99 893 99 893 124
17 293 159 293 159 881
353 371 554 371 554 995
267 826 267 706 608 706 608 307
538 968 1019 968 1019 638
28 975 531 975 531 720
651 125 996 125 996 1012
1004 556 22 556 22 793
858 191 14 191 14 488
893 770 684 770 684 885
403 351 181 351 181 211
154 186 154 451 771 451 771 952
173 668 1006 668 1006 692
884 995 475 995 475 915
674 33 1009 33 1009 654
224 183 628 183 628 893
543 30 543 319 849 319 849 764
599 865 599 776 398 776 398 447
857 503 396 503 396 272
213 959 714 959 714 915
503 302 503 433 372 433 372 894
551 921 813 921 813 619
845 131 917 131 917 228
561 48 561 183 290 183 290 227
690 668 690 169 837 169
252 262 252 186 504 186 504 101
89 785 89 718 123 718 123 634
753 73 32 73 32 928
558 562 558 269 94 269 94 156
59 991 59 756 867 756 867 737
8 1453 723 1453 723 1303
185 1464 766 1464 766 1996
205 1178 482 1178 482 1363
964 1089 340 1089 340 1870
1003 1067 921 1067 921 1810
259 1416 855 1416 855 2006
795 1116 82 1116 82 1333
842 1762 842 1570 848 1570 848 1527
611 1303 611 1275 362 1275
353 1895 353 1157 599 1157
126 1839 339 1839 339 1825
330 1038 323 1038 323 1568
658 1503 658 1627 953 1627 953 1742
360 1597 902 1597 902 1448
829 1865 453 1865 453 1549
703 1603 703 1735 472 1735 472 1978
301 1338 777 1338 777 1263
960 1493 184 1493 184 1374
785 1767 785 1778 379 1778 379 1819
150 1873 150 1178 927 1178
543 2046 1016 2046 1016 1874
501 1369 320 1369 320 1871
178 1968 441 1968 441 1523
681 1803 270 1803 270 1400
300 1739 571 1739 571 1524
130 1258 684 1258 684 1380
988 1048 37 1048 37 1068
343 1380 547 1380 547 1115
695 1074 876 1074 876 1952
100 1341 100 1422 447 1422 447 1624
698 1139 698 1326 421 1326 421 1674
365 1318 294 1318 294 1322
934 1874 609 1874 609 1787
558 1629 540 1629 540 2020
897 1372 795 1372 795 1287
196 2256 79 2256 79 2817
92 2220 243 2220 243 2619
887 2218 887 2497 123 2497 123 2736
971 3043 490 3043 490 2725
524 2163 1002 2163 1002 2575
602 2995 345 2995 345 2427
12 2856 786 2856 786 2847
63 2180 688 2180 688 2740
114 2108 643 2108 643 2515
1011 2558 1011 2870 871 2870
781 2329 852 2329 852 2724
676 2707 613 2707 613 2481
36 2986 413 2986 413 2543
356 2297 317 2297 317 2542
505 2877 505 2591 547 2591 547 2548
597 3071 347 3071 347 2497
1021 2253 826 2253 826 2396
352 2451 730 2451 730 2859
387 2095 274 2095 274 2709
685 2670 719 2670 719 2728
12 2584 12 2965 926 2965
986 2725 986 2480 185 2480 185 2339
362 2886 362 3033 925 3033
418 2975 808 2975 808 2777
433 2412 393 2412 393 2102
484 2947 87 2947 87 2837
824 2192 961 2192 961 2363
186 3014 60 3014 60 2248
411 2711 566 2711 566 2185
663 2514 28 2514 28 2260
702 2324 999 2324 999 2298
330 2997 10 2997 10 2075
1013 2666 1013 2914 862 2914
586 2166 469 2166 469 2329
46 4018 172 4018 172 3616
410 3789 458 3789 458 3876
49 3640 292 3640 292 3684
59 3970 81 3970 81 3077
259 3368 147 3368 147 3439
262 4063 262 3281 512 3281
74 3823 666 3823 666 3683
634 3076 234 3076 234 3657
783 4036 825 4036 825 3087
764 3991 131 3991 131 3599
175 3241 373 3241 373 3340
285 3824 285 3856 798 3856 798 3919
779 3443 662 3443 662 4094
591 3894 446 3894 446 3201
292 3628 535 3628 535 3450
185 3642 128 3642 128 3776
410 3480 847 3480 847 3240
682 3629 123 3629 123 3106
147 3635 89 3635 89 3672
722 3198 69 3198 69 3178
784 3257 1011 3257 1011 3408
218 3764 108 3764 108 3151
799 3874 799 3487 10 3487
339 3966 339 3985 35 3985 35 3998
432 3456 141 3456 141 3547
493 3492 358 3492 358 3337
192 3330 691 3330 691 3148
893 3970 893 3298 495 3298
404 3609 899 3609 899 3405
612 3597 155 3597 155 3491
373 3854 598 3854 598 3385
3 3520 3 4088 675 4088
1806 642 2042 642 2042 505
1462 768 1462 739 1149 739
1538 472 1681 472 1681 575
1567 664 1202 664 1202 542
1945 498 1831 498 1831 514
1118 833 1784 833 1784 748
1115 780 1969 780 1969 522
1564 454 1483 454 1483 817
1711 132 1113 132 1113 771
1224 978 1349 978 1349 219
1771 241 1490 241 1490 825
1813 920 1600 920 1600 361
1645 199 1914 199 1914 854
1225 310 1975 310 1975 633
1438 164 1184 164 1184 234
1635 859 1473 859 1473 359
1174 319 1172 319 1172 391
1221 673 1763 673 1763 448
1482 375 1186 375 1186 809
1659 168 1673 168 1673 232
1742 950 1459 950 1459 897
1512 154 1052 154 1052 466
1195 112 1654 112 1654 388
1826 34 1504 34 1504 0
1916 841 2015 841 2015 755
1292 573 1361 573 1361 165
1636 582 1554 582 1554 616
1072 945 1652 945 1652 514
2031 415 1280 415 1280 593
1622 48 1198 48 1198 892
1803 262 1676 262 1676 863
1867 558 1692 558 1692 570
1898 1786 1043 1786 1043 1667
1828 1452 1378 1452 1378 1339
1177 1919 1186 1919 1186 1042
1127 1934 1824 1934 1824 1578
1117 1079 1035 1079 1035 1659
1693 1338 1481 1338 1481 1695
1849 1139 1432 1139 1432 1904
1666 1546 1666 1124 1463 1124
1659 1258 1602 1258 1602 1432 1261 1432
1211 1475 1575 1475 1575 1358
1583 1250 1039 1250 1039 1331
2010 1947 2010 1336 1246 1336 1246 1045
1620 1674 1620 1034 1253 1034
1917 2035 1976 2035 1976 1653
1960 1627 1960 1494 1177 1494 1177 1438
1719 1782 1719 1221 1969 1221
1224 1417 1483 1417 1483 1498
1098 1480 1674 1480 1674 1857
1695 1078 1842 1078 1842 1504
1314 1650 1393 1650 1393 1932
1979 1533 1963 1533 1963 1875
1861 1975 1790 1975 1790 1337
1399 2037 2027 2037 2027 1348
1614 1929 1062 1929 1062 1825
1950 1673 1950 1462 1359 1462
1506 1402 1030 1402 1030 1363
1071 1157 1826 1157 1826 1765
1113 1133 1270 1133 1270 1899 1476 1899
1502 2042 1716 2042 1716 1495
1818 1865 1589 1865 1589 1055
1245 1995 1728 1995 1728 1810
2000 1182 1582 1182 1582 1515 1259 1515
1818 1077 1466 1077 1466 2013 1086 2013
1206 2189 1749 2189 1749 2401
1589 2619 1589 2863 1992 2863
1176 2122 1411 2122 1411 2812
1182 2730 1584 2730 1584 2497
1457 2315 1576 2315 1576 2356
1831 2749 1993 2749 1993 2119
1461 2678 1305 2678 1305 2980
1066 2915 1482 2915 1482 2754
1489 2094 1489 2093 1157 2093 1157 2084
1981 2536 1896 2536 1896 2944
1429 2084 1101 2084 1101 2072
1746 2609 1964 2609 1964 2460
1658 2771 1203 2771 1203 2666
1173 2166 1783 2166 1783 2338
1497 2873 1706 2873 1706 3039
1443 2987 1443 2176 1696 2176
1063 2305 1763 2305 1763 2182
1461 2930 1453 2930 1453 2688
1207 2967 1323 2967 1323 3050
1155 3058 1106 3058 1106 2328
1672 2655 2015 2655 2015 2299
1747 2614 1099 2614 1099 2691
1806 2773 1806 2156 1613 2156
1372 2535 1537 2535 1537 2256
1677 2453 1694 2453 1694 2562
1933 2664 1911 2664 1911 2534
1036 2969 1036 2518 1998 2518
1346 2073 1880 2073 1880 2162
1234 2284 1064 2284 1064 2610
1935 2376 1700 2376 1700 2658
1507 2794 1507 2597 1260 2597
1911 2318 1070 2318 1070 2871
1548 2859 1114 2859 1114 2500
1209 3001 1816 3001 1816 2775
1028 2468 1028 2312 1927 2312
1211 3436 1266 3436 1266 3411
1796 3171 1147 3171 1147 3428
1461 3280 1461 4033 1884 4033
1101 3457 1698 3457 1698 3696
1750 3754 1509 3754 1509 3686
1203 3894 1490 3894 1490 3860
1108 3449 1220 3449 1220 3744
1768 3675 1579 3675 1579 3091
1406 3328 1196 3328 1196 3613
1991 3940 1460 3940 1460 3415
1860 3397 1693 3397 1693 3129
1675 3286 1783 3286 1783 3401
1772 3747 2020 3747 2020 4022
1038 3623 1793 3623 1793 4061
1127 3517 1718 3517 1718 4046
1822 3366 1537 3366 1537 3578
1745 3845 1294 3845 1294 3094
1162 3393 1557 3393 1557 3074
1744 3642 1751 3642 1751 3161
1168 3479 1711 3479 1711 3370
1113 3537 1309 3537 1309 3411
1313 3103 1559 3103 1559 3340
1539 3939 1650 3939 1650 3266
1483 3649 1904 3649 1904 4092
1151 3076 1184 3076 1184 3855
1972 3221 1869 3221 1869 3223
1985 3190 1354 3190 1354 3782
1724 3876 1812 3876 1812 3434
1985 3759 1170 3759 1170 3784
1854 4040 1760 4040 1760 3072
1548 3111 1033 3111 1033 3991
3071 594 3037 594 3037 131
2321 969 2995 969 2995 867
2213 807 2236 807 2236 79
2534 790 2075 790 2075 718
2942 417 2942 381 2402 381 2402 323
2440 889 3011 889 3011 995
2521 438 2166 438 2166 740
2960 934 2528 934 2528 932
2318 20 2252 20 2252 428
2324 323 2324 329 2704 329
2616 5 2582 5 2582 60
2800 538 2723 538 2723 896
2366 906 2443 906 2443 682
3059 463 3059 134 2271 134
3049 795 3049 78 2984 78
2278 543 2268 543 2268 96
2390 479 2313 479 2313 540
2698 661 2828 661 2828 718
2835 948 2579 948 2579 930
2963 499 2982 499 2982 104
2600 964 2490 964 2490 290
2894 319 2894 642 2076 642
2387 860 2138 860 2138 135 2067 135
2186 1012 2193 1012 2193 748
2962 797 2474 797 2474 832
2179 159 2754 159 2754 699
2140 15 2944 15 2944 949
2609 823 2898 823 2898 334
2543 574 2646 574 2646 819
2868 626 2411 626 2411 481
2123 314 2123 342 2456 342
2390 328 2891 328 2891 180
2313 263 2951 263 2951 999
2446 628 2135 628 2135 143
2929 654 2365 654 2365 24
2817 368 2832 368 2832 94
2875 1900 2817 1900 2817 1866
2474 1089 2113 1089 2113 1965
2456 1999 2059 1999 2059 1377
2077 1507 2888 1507 2888 1542
2804 1152 2764 1152 2764 2012 2549 2012
2728 1365 2728 1981 2653 1981
2943 1814 2718 1814 2718 1129 2519 1129
2179 1556 2791 1556 2791 1941
2210 1482 2181 1482 2181 1386
2352 1908 2348 1908 2348 1702
2711 2002 2711 1454 2549 1454
2915 1188 2776 1188 2776 2044
2406 1993 2288 1993 2288 1924
2936 1869 2718 1869 2718 1310 2439 1310
2461 1456 3064 1456 3064 1062
2793 1477 2873 1477 2873 1130
2458 1211 2685 1211 2685 1627
2346 2028 2302 2028 2302 1653
2274 1745 3005 1745 3005 1921
2975 1054 2203 1054 2203 1475
2987 1396 2412 1396 2412 1028
3034 1327 2822 1327 2822 2000
2247 1851 2775 1851 2775 1273
2493 1592 2507 1592 2507 1979
2816 1189 2172 1189 2172 1174
2379 1332 2596 1332 2596 1858
2221 1833 2717 1833 2717 1506
2489 1313 2551 1313 2551 1882 2894 1882
2968 1027 2825 1027 2825 2020
2220 1992 3020 1992 3020 1179
2324 1707 2478 1707 2478 1094
2207 1039 2286 1039 2286 1528
2696 1763 2557 1763 2557 1861
2285 2792 2142 2792 2142 2388
2278 2979 2279 2979 2279 2154 2549 2154
2788 2334 2445 2334 2445 2774
2824 2835 2566 2835 2566 2742
2291 2248 2544 2248 2544 2177
2112 2569 2915 2569 2915 2657
2187 2366 2355 2366 2355 3012
2650 2830 2329 2830 2329 2189
2377 2672 2278 2672 2278 2687
2898 2619 2260 2619 2260 2896
2797 2436 2604 2436 2604 2828
2505 2186 2977 2186 2977 2927
2312 2963 2995 2963 2995 2137
2212 2827 2212 2083 2359 2083
2301 2982 2844 2982 2844 2841
2684 2613 2637 2613 2637 2938
2855 2246 2185 2246 2185 2126
2150 2413 2535 2413 2535 2196
2284 2885 2284 2183 2377 2183
2899 2440 2275 2440 2275 2877
2553 2959 2553 2096 2089 2096
2120 2679 2120 2391 2683 2391
2935 2820 2371 2820 2371 2377
2287 2353 2786 2353 2786 2826
2571 2494 2093 2494 2093 2456
2115 2367 3031 2367 3031 2158
2170 2905 2833 2905 2833 2532
2341 2611 2843 2611 2843 2597
2435 2113 2367 2113 2367 2143
2708 2950 2678 2950 2678 2571
2155 2801 2985 2801 2985 2611
3059 3676 2406 3676 2406 4002
2980 3763 2437 3763 2437 4061
2559 4022 2318 4022 2318 3172
2967 3740 2643 3740 2643 3678
2263 3649 2447 3649 2447 3392
2347 3454 2754 3454 2754 4054
2651 3254 2651 3885 2096 3885
3021 3147 2774 3147 2774 3748
2582 3343 2582 3580 2409 3580
2906 3989 2388 3989 2388 4024
2909 3250 2901 3250 2901 3166
2406 3130 2875 3130 2875 4091
2992 4034 2812 4034 2812 4075
2567 3468 2567 3991 2274 3991
2766 3229 2939 3229 2939 3736
3030 3826 3047 3826 3047 3092
2450 3937 2760 3937 2760 3447
2386 4007 3032 4007 3032 3313
2305 3319 2481 3319 2481 3573
2658 3082 2658 3831 2271 3831
3023 3172 2647 3172 2647 3092
2741 3242 2376 3242 2376 3820
2867 3710 2072 3710 2072 3373
2992 3954 2981 3954 2981 3361
2347 3736 2697 3736 2697 3707
2269 3201 2269 4085 2744 4085
2575 3801 2505 3801 2505 3892
2171 3356 2172 3356 2172 4001 2533 4001
2176 3905 2777 3905 2777 3412
2099 3948 2561 3948 2561 3528
2431 3311 2475 3311 2475 3804
3049 4084 3006 4084 3006 3346
2472 3304 2685 3304 2685 4050
2469 3338 2764 3338 2764 3810
2967 3129 2967 3488 2599 3488
3501 805 3097 805 3097 39
3595 81 3274 81 3274 101
4082 378 3288 378 3288 290
3960 450 3210 450 3210 427
3437 323 3326 323 3326 549
3943 837 3943 107 3747 107
3971 587 3971 88 3817 88
4083 775 3085 775 3085 3
3347 278 3133 278 3133 594
3151 238 3151 439 3852 439
3659 43 3383 43 3383 218
3166 134 3694 134 3694 952
3142 372 3618 372 3618 481
4020 545 4020 44 3271 44
3088 231 3088 991 3285 991
3092 992 4056 992 4056 178
3489 584 4049 584 4049 452
3497 883 3806 883 3806 423
3861 77 3230 77 3230 71
3602 581 3723 581 3723 38
3296 873 3655 873 3655 183
3340 438 3898 438 3898 788
3450 812 3241 812 3241 765
3966 478 3753 478 3753 741
3654 528 3509 528 3509 782
3966 250 4034 250 4034 290
3978 575 3651 575 3651 789
3128 99 3128 853 3781 853
3497 372 3538 372 3538 794
3103 895 3522 895 3522 596
3980 601 3980 215 3342 215
3827 357 3661 357 3661 431
3366 410 3331 410 3331 691
4091 319 3632 319 3632 937
3853 1207 3620 1207 3620 1479
3776 1321 3855 1321 3855 1536
3291 1422 3956 1422 3956 1079
3355 1162 3937 1162 3937 1786
3723 1734 3846 1734 3846 1539
3075 1763 3994 1763 3994 1953
3294 2010 3962 2010 3962 1420
3383 1897 4007 1897 4007 1326
3227 1038 3422 1038 3422 1466
3224 1528 3820 1528 3820 1999
4062 1700 3932 1700 3932 1062
3159 1367 3232 1367 3232 1880
4015 1233 3709 1233 3709 1122
3989 1150 4079 1150 4079 1503
4014 1289 3616 1289 3616 1804
3108 1419 3183 1419 3183 1910
4049 1623 3782 1623 3782 1049
3120 2013 3481 2013 3481 1961
3160 1146 3399 1146 3399 1456
4056 1167 3863 1167 3863 1702
3433 1841 3291 1841 3291 1959
3472 1217 3130 1217 3130 1075
3320 1692 3518 1692 3518 1423
3568 1691 3435 1691 3435 1236
3615 1698 3224 1698 3224 1556
3908 1517 3491 1517 3491 1270
3662 1809 3415 1809 3415 2013
3846 1222 3863 1222 3863 1527
3609 1830 3505 1830 3505 1711
3906 1597 3734 1597 3734 1616
3638 1782 3389 1782 3389 1572
3959 1210 3729 1210 3729 1590
4007 1849 3804 1849 3804 1502
3474 2147 4076 2147 4076 2910
3728 2397 3257 2397 3257 2200
3259 2339 3718 2339 3718 2169
3543 2634 3790 2634 3790 2770
3105 2675 3485 2675 3485 2131
3241 2176 3877 2176 3877 2212
3273 2066 3494 2066 3494 2943
3526 2756 3712 2756 3712 2096
3307 2985 3903 2985 3903 2236
3727 2675 3783 2675 3783 2303
3233 2152 3573 2152 3573 2705
3348 2067 3949 2067 3949 2447
3787 2647 3449 2647 3449 2673
3376 2681 3601 2681 3601 2819
3191 2660 3332 2660 3332 2589
3095 2194 3150 2194 3150 2647
3983 2993 3816 2993 3816 2794
3475 2662 3159 2662 3159 2821
3300 2674 3122 2674 3122 2921
3284 2580 3929 2580 3929 2849
3838 2936 4014 2936 4014 2967
3897 2234 3645 2234 3645 2301
3932 2816 3298 2816 3298 2181
3292 2505 3779 2505 3779 2337
3443 3001 4068 3001 4068 2706
3899 2097 3914 2097 3914 2529
3892 2279 3737 2279 3737 2616
3699 2999 3402 2999 3402 2970
3441 2294 3515 2294 3515 2756
3765 2057 3285 2057 3285 2412
3287 2963 3569 2963 3569 2938
3377 3286 3848 3286 3848 3257
3701 4093 3522 4093 3522 3196
3839 3821 3952 3821 3952 3599
3200 3684 3404 3684 3404 3322
3192 3330 3418 3330 3418 3906
3630 3543 3414 3543 3414 4075
3855 3931 3476 3931 3476 3165
3757 3958 3715 3958 3715 3698
3093 3336 3145 3336 3145 4009
3667 3390 3667 4016 3556 4016
3360 3634 3323 3634 3323 3346
3628 4056 3923 4056 3923 3362
3598 3218 3076 3218 3076 3265
3167 3886 3316 3886 3316 3652
3653 3216 3320 3216 3320 3255
3542 3596 3263 3596 3263 3361
3300 3210 3534 3210 3534 3670
3240 3097 3484 3097 3484 3116
3389 3407 3207 3407 3207 3372
3662 3751 3979 3751 3979 3150
3103 3924 3638 3924 3638 3830
3858 3883 3717 3883 3717 3642
3730 3107 3727 3107 3727 4052
3533 3970 4018 3970 4018 3243
3955 3435 3091 3435 3091 3428
3347 3092 4048 3092 4048 4020
3954 3602 3393 3602 3393 3096
3915 4060 4041 4060 4041 3324
3353 3732 3827 3732 3827 3648
3173 3475 3095 3475 3095 3762
3590 3134 3998 3134 3998 3736
3500 3109 3500 3560 3587 3560
3295 4015 3466 4015 3466 3656
3160 3433 3238 3433 3238 3760
3131 4050 3305 4050 3305 3773
4006 3937 3646 3937 3646 3770
425 1063 425 1009 1888 1009
1249 978 423 978 423 985
1321 1071 4 1071 4 1042
1991 991 1991 1060 584 1060
1079 1038 479 1038 479 1044
478 2020 1845 2020 1845 2005
1548 2019 257 2019 257 2063
2 2039 1445 2039 1445 2081
1892 2007 389 2007 389 2087
1603 2010 245 2010 245 2047
1703 3114 72 3114 72 3030
1436 3042 1429 3042 1429 3057
1217 3101 523 3101 523 3074
1894 3085 1993 3085 1993 3100
84 3067 1037 3067 1037 3021
1905 1017 1905 1068 2686 1068
1749 988 2202 988 2202 1003
2071 983 2217 983 2217 1043
1256 1056 1780 1056 1780 983
1891 1048 2473 1048 2473 1025
2531 2056 1776 2056 1776 2030
1606 2003 2813 2003 2813 2067
2003 2094 2003 2085 1202 2085
2588 2066 2720 2066 2720 2053
2866 2074 1759 2074 1759 2061
1469 3107 3037 3107 3037 3091
1505 3073 2095 3073 2095 3121
1316 3120 1316 3069 2262 3069
1778 3062 1370 3062 1370 3096
1900 3078 1736 3078 1736 3104
3883 1034 3770 1034 3770 1009
3106 1022 2682 1022 2682 1042
2509 990 2509 1061 2470 1061
2557 1052 3340 1052 3340 1056
2220 1036 2221 1036 2221 973
2783 2059 3562 2059 3562 2036
2428 2051 3553 2051 3553 2053
4034 2019 3620 2019 3620 2056
3657 2042 2674 2042 2674 2008
2675 2031 2464 2031 2464 2081
2400 3120 3666 3120 3666 3039
2389 3073 3698 3073 3698 3021
3741 3056 2132 3056 2132 3064
3915 3060 3714 3060 3714 3031
3264 3093 3431 3093 3431 3056
1029 1065 991 1065 991 1967
998 295 992 295 992 1605
1005 1844 1049 1844 1049 556
973 219 1034 219 1034 1163
977 579 1036 579 1036 694
1065 2015 1017 2015 1017 1180
1028 2373 1001 2373 1001 1263
1030 2983 983 2983 983 2559
990 2850 1010 2850 1010 1125
1031 3003 977 3003 977 2030
1030 3826 1052 3826 1052 2532
1071 3047 1066 3047 1066 2548
1032 2669 1029 2669 1029 2763
1048 3400 989 3400 989 3260
1020 3353 991 3353 991 2438
2050 624 2095 624 2095 1631
2054 1359 2092 1359 2092 840
2025 686 2026 686 2026 1662
2011 1615 2036 1615 2036 1505
2021 783 2077 783 2077 1557
2090 2317 2057 2317 2057 1775
2031 2569 2052 2569 2052 1803
2087 2951 2061 2951 2061 2166
2054 1446 2053 1446 2053 2072 2046 2072
2043 2801 2078 2801 2078 1769
2013 3618 2027 3618 2027 2867
2085 3872 2044 3872 2044 2322 2008 2322
2072 2168 2071 2168 2071 3517
2064 3920 2045 3920 2045 2167
2094 2881 2039 2881 2039 3635
3111 714 3070 714 3070 1306
3039 1240 3114 1240 3114 1684
3082 1689 3082 1944 3036 1944
3058 727 3054 727 3054 267
3060 433 3046 433 3046 690
3102 2882 3076 2882 3076 1176
3029 2104 3075 2104 3075 1899
3035 2462 3029 2462 3029 2764
3096 2304 3122 2304 3122 2587
3109 1149 3121 1149 3121 1863
3069 2123 3050 2123 3050 2140
3054 2089 3096 2089 3096 2901
3080 3248 3064 3248 3064 2308
3052 2733 3032 2733 3032 2654
3074 2656 3061 2656 3061 3443
1586 2778 1586 2452 4057 2452 4057 671
1207 754 1275 754 1275 2318
1524 3274 4087 3274 4087 2966
1363 3540 3622 3540 3622 2590
2468 2704 2468 1114 102 1114
3711 3832 114 3832 114 1648
92 868 2987 868 2987 1506
3859 1995 3859 880 3204 880
1201 3320 3260 3320 3260 1785
1392 1523 1200 1523 1200 3485 407 3485
2171 777 2003 777 2003 3417
225 3741 2720 3741 2720 1167 3636 1167
3061 897 3741 897 3741 3644
603 2488 4034 2488 4034 1529
2874 3851 3707 3851 3707 2247
2302 3228 747 3228 747 2382
2351 3608 2441 3608 2441 3031
518 2440 920 2440 920 1650
1814 2799 3552 2799 3552 198
1662 262 1436 262 1436 1445
2343 1677 3865 1677 3865 1516
3695 4027 3849 4027 3849 946
1269 1972 1269 2075 3013 2075 3013 2453
1091 1894 1456 1894 1456 402
261 155 1323 155 1323 2062
3259 101 3129 101 3129 3766 2833 3766
3694 3998 3693 3998 3693 436 3179 436
2335 1846 2470 1846 2470 733
2626 3343 20 3343 20 1991
2278 1062 2278 2570 2923 2570
262 2377 1186 2377 1186 2281
1138 3746 1138 1500 1345 1500
1879 2533 2036 2533 2036 4024 3322 4024
72 3643 2996 3643 2996 1694
80 2821 80 1599 1269 1599 1269 1341
386 1341 3803 1341 3803 1372
682 935 682 3051 1740 3051
211 3980 1201 3980 1201 2833
3810 3444 3810 4038 79 4038
2685 1305 2684 1305 2684 3651 1973 3651
3712 3301 4049 3301 4049 3972
3178 4043 996 4043 996 3712
233 369 2770 369 2770 406
2067 306 641 306 641 1883
1364 3812 1364 4069 720 4069
3374 2205 1801 2205 1801 2134
4013 4012 1226 4012 1226 3219
568 1527 460 1527 460 3170
369 2605 739 2605 739 3198
1279 1158 1279 652 2702 652
3600 3656 2318 3656 2318 2054
2766 737 3115 737 3115 2608 3350 2608
3929 525 4071 525 4071 1078
3545 521 3545 2744 3464 2744
859 1408 352 1408 352 3874
719 1470 2888 1470 2888 1763
373 3876 645 3876 645 3555
2200 2904 3075 2904 3075 1176
2837 205 1888 205 1888 1777
127 599 3918 599 3918 1187
1198 1835 1198 672 554 672
3947 2658 3947 206 1790 206
1109 1430 3615 1430 3615 3443
2671 2453 2671 4011 1672 4011
3968 2080 1466 2080 1466 1352 280 1352
606 3945 331 3945 331 563
3348 3684 3348 2864 2629 2864
3803 2096 3129 2096 3129 14 681 14
663 3666 3387 3666 3387 2588
3988 1797 3561 1797 3561 1738
3494 3566 1230 3566 1230 3127
2398 2798 2398 1438 106 1438
85 2442 85 3390 3812 3390
1380 3449 1387 3449 1387 2298
488 1017 3065 1017 3065 1386
2392 1221 2392 2430 3197 2430
3874 2688 2218 2688 2218 3029
738 768 738 1080 2616 1080 2616 2805
1711 2464 1712 2464 1712 3408 1972 3408
1475 1700 1475 524 2063 524
612 2856 4000 2856 4000 2987
3305 2861 2928 2861 2928 2743
2065 1557 2065 1298 580 1298 580 52
1667 1504 1667 2860 723 2860
3302 3184 3756 3184 3756 1203
1859 1074 2703 1074 2703 2357 4081 2357
3262 2143 755 2143 755 2479
26 3030 26 1138 1388 1138
1211 194 1379 194 1379 172
3138 2070 3883 2070 3883 988
2747 1465 1579 1465 1579 1394
1416 2256 701 2256 701 1921
351 535 921 535 921 3635
1050 2657 1385 2657 1385 3527
911 4006 1733 4006 1733 3905
1180 200 1870 200 1870 2932
294 3893 1495 3893 1495 1600
846 2264 846 767 3451 767
1106 3615 743 3615 743 2872
1139 513 1139 1101 1580 1101
3544 3166 3543 3166 3543 982 3441 982
330 3673 2662 3673 2662 3472
3257 1809 1264 1809 1264 1134
1453 1620 1453 1450 2054 1450
184 464 184 771 3634 771
483 1092 701 1092 701 986
961 1565 961 1444 2315 1444
3171 683 3171 1374 3334 1374
788 1533 788 54 104 54
1890 81 1475 81 1475 532
2202 1408 2997 1408 2997 95
1792 1873 3802 1873 3802 1679
3618 454 3858 454 3858 749
1819 1279 796 1279 796 1784
3983 828 41 828 41 550
3304 2047 4001 2047 4001 1911
2139 223 2822 223 2822 567 3702 567
1075 1902 3244 1902 3244 1597
2349 393 2730 393 2730 1146
4000 777 1288 777 1288 728
1788 809 1788 7 4046 7
104 463 104 687 3412 687
3657 978 3110 978 3110 1284
2917 380 2654 380 2654 1604
791 1653 3423 1653 3423 1823
1891 1160 2089 1160 2089 499
2670 965 413 965 413 1072
3962 1337 3675 1337 3675 445
3544 1300 3544 599 3200 599
1571 657 1710 657 1710 577
3872 557 1790 557 1790 457
3586 1272 3586 867 1868 867 1868 448
160 313 160 1146 3316 1146 3316 2042
3233 904 3931 904 3931 1793
3984 320 3984 1636 2056 1636
2196 1519 273 1519 273 1613
3702 209 3576 209 3576 748
2911 258 3173 258 3173 1063
764 1031 764 1080 2124 1080 2124 1779
2443 335 304 335 304 1901
2744 910 3115 910 3115 1579 3287 1579
3931 1402 3073 1402 3073 1719 2620 1719
2115 1161 1837 1161 1837 1004
1093 238 1093 811 3833 811
100 1754 1919 1754 1919 1772
1213 2006 2375 2006 2375 1596
3920 1178 3437 1178 3437 1665
1313 146 3026 146 3026 1106 3594 1106
2608 1942 1658 1942 1658 1857
2067 142 3025 142 3025 1070
454 1803 454 1108 2417 1108
3146 1408 3187 1408 3187 5
2674 130 1399 130 1399 205
3956 233 1496 233 1496 723
3842 417 3842 1968 2882 1968
2439 1619 2750 1619 2750 1690
1270 94 455 94 455 122
1170 1099 1078 1099 1078 1946
2980 1153 2980 860 2735 860
2143 1467 3100 1467 3100 967
2958 1843 2147 1843 2147 10
3955 1543 2944 1543 2944 1575
3961 9 2590 9 2590 1075
3869 924 3869 704 2498 704
2269 320 2269 332 3674 332 3674 405
3061 691 3061 1007 2876 1007
2886 190 2665 190 2665 1573
2663 139 2210 139 2210 887
3196 528 2907 528 2907 1529
2765 1396 2765 1986 3237 1986
2244 622 2517 622 2517 1725
3565 460 3565 1824 3454 1824
3850 628 3821 628 3821 955
3500 1084 3805 1084 3805 149
3213 1513 3213 1828 2785 1828
2686 799 2989 799 2989 42
3266 1156 3584 1156 3584 292
4085 671 2534 671 2534 642
2494 728 3115 728 3115 1405 3450 1405
3202 81 3150 81 3150 941 2771 941
3805 1491 2339 1491 2339 382
2133 366 2213 366 2213 1101
2383 1099 3988 1099 3988 1669
2968 1215 3286 1215 3286 1389
3298 1917 2551 1917 2551 939
2987 388 2966 388 2966 26
2256 817 3311 817 3311 885
4081 75 4081 306 3438 306
2426 521 3510 521 3510 51
3816 670 3708 670 3708 883
2320 571 2320 237 3551 237 3551 162
2149 809 3865 809 3865 425
3048 861 2818 861 2818 581
2322 690 3170 690 3170 646
3523 752 2104 752 2104 967
2782 244 2782 951 3037 951
3167 60 3167 236 2269 236 2269 269
3515 677 2369 677 2369 612
2534 702 2624 702 2624 188
2397 213 2723 213 2723 224
2423 334 2649 334 2649 50
2132 568 2101 568 2101 657
2821 580 3011 580 3011 154
2088 280 2370 280 2370 561
2654 90 2366 90 2366 445
2512 59 2224 59 2224 204
2368 212 2150 212 2150 151
2928 234 2743 234 2743 103
2332 254 2210 254 2210 309
2681 266 3016 266 3016 32
3069 151 2998 151 2998 83
3054 186 3054 407 2694 407
2966 378 2641 378 2641 379
2616 393 2970 393 2970 413
2756 216 2631 216 2631 73
2769 352 2606 352 2606 75
2628 213 2704 213 2704 110
2569 469 2626 469 2626 203
2758 31 2753 31 2753 370
2722 290 2722 353 2599 353
2581 505 2581 392 2719 392 2719 267
2562 462 2576 462 2576 308
2751 458 2751 392 2628 392 2628 349
2635 501 2667 501 2667 370
2757 338 2745 338 2745 430
2717 349 2754 349 2754 332
2786 290 2786 423 2723 423
2740 292 2713 292 2713 290
2698 502 2766 502 2766 406
2725 464 2725 420 2720 420
2733 302 2733 442 2705 442
2740 361 2714 361 2714 321
2714 447 2701 447 2701 265
2688 284 2697 284 2697 382
2747 286 2714 286 2714 299
2694 331 2726 331 2726 266
2712 277 2737 277 2737 311
2700 276 2722 276 2722 259
2688 331 2719 331 2719 297
2691 295 2717 295 2717 282
2720 296 2705 296 2705 312
2713 269 2703 269 2703 291
2713 265 2692 265 2692 270
2707 268 2716 268 2716 310
1318 1733 1318 1473 1571 1473
1376 1699 1129 1699 1129 1353
1427 1449 1375 1449 1375 1435
1386 1400 1329 1400 1329 1344
1292 1380 1461 1380 1461 1282
1413 1700 1413 1666 1467 1666
1605 1896 1605 2119 1391 2119
1140 1984 1517 1984 1517 1771
1319 2057 1473 2057 1473 1985
1359 2043 1558 2043 1558 2156
1217 1877 1436 1877 1436 1830
1159 2271 1189 2271 1189 2108
1261 2382 1157 2382 1157 2590
1342 2326 1540 2326 1540 2730
1188 2672 1373 2672 1373 2655
1330 2617 1547 2617 1547 2344
1467 2362 1515 2362 1515 2371
1535 2686 1473 2686 1473 2600
1442 3295 1213 3295 1213 3207
1131 3162 1268 3162 1268 2823
1153 2870 1219 2870 1219 3086
1474 3060 1155 3060 1155 2912
1286 3178 1526 3178 1526 3298
1585 3247 1269 3247 1269 3073
1651 1505 1738 1505 1738 1672
1814 1574 1815 1574 1815 1375 2051 1375
2070 1291 1884 1291 1884 1352
1682 1297 2115 1297 2115 1714
1687 1361 2006 1361 2006 1511
1775 1571 1878 1571 1878 1601
1910 1897 2120 1897 2120 2065
2061 1849 2061 2088 1806 2088
1996 1783 2081 1783 2081 1775
1825 1806 1769 1806 1769 2231
1924 2021 1665 2021 1665 2213
1694 1965 1650 1965 1650 2187
1791 2573 1978 2573 1978 2529
2065 2375 2065 2704 1624 2704
1662 2579 1999 2579 1999 2370
1879 2355 1879 2524 1974 2524
1799 2316 1814 2316 1814 2348
1821 2768 2087 2768 2087 2552
1985 3056 1708 3056 1708 3019
1698 3280 1994 3280 1994 3274
1922 3057 1711 3057 1711 2847
1976 3241 1630 3241 1630 3254
2037 3033 2000 3033 2000 3177
1864 2883 1723 2883 1723 3274
2291 1349 2448 1349 2448 1510
2375 1429 2242 1429 2242 1357
2146 1381 2216 1381 2216 1363
2263 1511 2455 1511 2455 1321
2521 1354 2505 1354 2505 1346
2186 1709 2186 1268 2557 1268
2496 1854 2496 1887 2218 1887
2584 1975 2203 1975 2203 1963
2632 1824 2138 1824 2138 1979
2361 1850 2361 2240 2185 2240
2403 1888 2204 1888 2204 2124
2282 1917 2514 1917 2514 2119
2427 2568 2619 2568 2619 2380
2351 2347 2247 2347 2247 2736
2495 2631 2138 2631 2138 2600
2448 2628 2563 2628 2563 2583
2442 2628 2124 2628 2124 2568
2593 2643 2569 2643 2569 2534
2376 3268 2321 3268 2321 3037
2583 3098 2380 3098 2380 2827
2500 3257 2413 3257 2413 3102
2296 3082 2202 3082 2202 2906
2224 3177 2439 3177 2439 3107
2318 3211 2508 3211 2508 2965
3103 1649 2933 1649 2933 1319
3119 1743 2674 1743 2674 1655
2760 1268 3043 1268 3043 1422
3012 1512 3012 1632 2730 1632
2675 1464 2693 1464 2693 1398
2655 1649 2962 1649 2962 1747
2942 2202 2967 2202 2967 1922
2877 2010 3038 2010 3038 2117
2836 1805 3090 1805 3090 1808
3028 2269 2838 2269 2838 1798
2878 1957 2993 1957 2993 1941
2762 1923 2707 1923 2707 1767
3041 2531 3108 2531 3108 2702
2836 2561 3009 2561 3009 2343
2811 2508 3079 2508 3079 2421
2874 2309 2854 2309 2854 2307
3115 2690 2755 2690 2755 2749
2825 2511 2911 2511 2911 2554
3124 2869 2811 2869 2811 3129
2956 3203 2875 3203 2875 2972
2715 2879 2646 2879 2646 3158
3068 2803 3033 2803 3033 3145
3020 2839 2949 2839 2949 3099
3113 2826 2998 2826 2998 3242
1975 1754 1504 1754 1504 1747
1295 1748 1588 1748 1588 1788
1753 1748 2065 1748 2065 1769
1948 1767 1411 1767 1411 1755
1703 1742 2114 1742 2114 1777
1134 2254 1151 2254 1151 2288
1160 2289 1322 2289 1322 2258
2110 2262 1514 2262 1514 2254
1144 2297 1120 2297 1120 2293
1676 2255 2096 2255 2096 2277
1164 2794 1994 2794 1994 2780
1438 2780 1438 2812 2094 2812
1957 2802 1545 2802 1545 2782
1596 2791 1321 2791 1321 2766
2035 2766 2035 2767 1159 2767 1159 2802
1741 1785 2569 1785 2569 1761
1853 1778 2265 1778 2265 1773
1771 1784 2591 1784 2591 1787
1724 1743 1772 1743 1772 1786
2025 1781 1889 1781 1889 1777
2486 2290 1742 2290 1742 2282
1888 2289 1663 2289 1663 2300
2486 2278 1770 2278 1770 2286
1974 2258 2274 2258 2274 2275
2082 2289 2454 2289 2454 2293
2413 2814 2528 2814 2528 2780
1746 2805 1973 2805 1973 2794 2102 2794
1730 2763 1730 2769 1987 2769
1816 2766 2444 2766 2444 2771
1833 2799 1833 2800 2557 2800 2557 2805
2756 1782 2237 1782 2237 1764
2720 1739 2242 1739 2242 1766
2340 1756 2343 1756 2343 1782
3020 1775 2291 1775 2291 1770
2478 1788 2550 1788 2550 1753
2664 2257 2585 2257 2585 2279
2398 2288 2471 2288 2471 2259
2582 2279 2869 2279 2869 2261
2304 2273 2211 2273 2211 2258
2978 2258 2997 2258 2997 2296
2865 2798 2472 2798 2472 2763
2231 2796 2161 2796 2161 2766
2806 2764 2159 2764 2159 2791
2126 2771 2420 2771 2420 2773
3086 2789 2417 2789 2417 2785
1635 2016 1585 2016 1585 2228
1608 1848 1627 1848 1627 1884
1615 1681 1615 2049 1592 2049
1611 2239 1613 2239 1613 1427
1634 2035 1606 2035 1606 2201
1589 2042 1586 2042 1586 2438
1602 2642 1606 2642 1606 2345
1623 2048 1605 2048 1605 1837
1609 2065 1610 2065 1610 1922
1595 2774 1606 2774 1606 2626
1588 2982 1616 2982 1616 2562
1632 3201 1612 3201 1612 2439
1602 2372 1630 2372 1630 3040
1624 2343 1587 2343 1587 3231
1618 2776 1594 2776 1594 2763
2097 2013 2112 2013 2112 1292
2137 1767 2138 1767 2138 1770
2096 1387 2103 1387 2103 1830
2134 1274 2133 1274 2133 1280 2132 1280
2139 1991 2118 1991 2118 1925
2114 2066 2142 2066 2142 2637
2142 2775 2111 2775 2111 2505
2134 2194 2132 2194 2132 1766
2117 2184 2120 2184 2120 2361
2129 2604 2132 2604 2132 1987
2138 2456 2137 2456 2137 2829 2100 2829
2117 2649 2125 2649 2125 2290
2146 3003 2137 3003 2137 3246
2133 2475 2127 2475 2127 2724
2129 2971 2110 2971 2110 2626
2653 1534 2656 1534 2656 1762
2629 1290 2629 1988 2643 1988
2633 1952 2633 1551 2651 1551
2654 1920 2652 1920 2652 1384 2619 1384
2630 2078 2621 2078 2621 2105
2641 2239 2643 2239 2643 1920
2654 2524 2630 2524 2630 2571
2633 2319 2610 2319 2610 1861
2618 1849 2646 1849 2646 2601
2647 1958 2647 2462 2632 2462
2655 3035 2636 3035 2636 2909
2628 2859 2626 2859 2626 2407
2621 2766 2641 2766 2641 3200
2643 2998 2637 2998 2637 3085
2629 2354 2642 2354 2642 2683
2726 2409 2310 2409 2310 2741 1212 2741
2581 1335 2581 2485 2839 2485
2801 1725 2627 1725 2627 2175
2388 1513 1739 1513 1739 1942 1467 1942
1301 2700 1301 2452 2883 2452 2883 1826
2418 2701 2575 2701 2575 1912
2296 1765 2244 1765 2244 1785
2714 2841 2714 2452 1604 2452 1604 1990
2544 1372 2545 1372 2545 2863 3113 2863
1322 1866 1322 2075 2413 2075 2413 2094
2247 1427 2319 1427 2319 3188 2815 3188
1435 2454 1435 2452 2931 2452 2931 1696
1464 1838 1464 2075 2878 2075 2878 2825
1735 2053 1698 2053 1698 2975
2102 1924 2303 1924 2303 3120
2192 2523 1725 2523 1725 1492
2015 2493 2015 2093 1329 2093 1329 1984
1667 2762 2576 2762 2576 2487
2463 1655 2317 1655 2317 1277
2639 1882 2639 2179 2272 2179
2699 2355 2699 2422 1696 2422
1517 3199 1517 2093 1339 2093 1339 1407
1127 3050 1127 1881 1222 1881
1372 1873 1305 1873 1305 1850
1833 2215 1259 2215 1259 3181
1618 1893 1618 2476 1469 2476
1547 2109 1814 2109 1814 1726
2091 1345 1701 1345 1701 3086
2017 2542 1874 2542 1874 1778
1788 1424 1788 2797 1485 2797
1585 2238 1524 2238 1524 2297
1309 2722 1309 3142 1829 3142
1880 1930 1879 1930 1879 2260 1567 2260
1765 1837 1475 1837 1475 1728
1181 1601 1181 1515 1564 1515 1564 1417
1515 1704 1515 1719 1983 1719
1529 1492 1945 1492 1945 1599
1340 1484 1858 1484 1858 1654
1978 1404 1865 1404 1865 1616
1982 1412 1982 1271 1515 1271
1385 1710 1663 1710 1663 1468
1754 1513 2083 1513 2083 1456
1707 1461 1814 1461 1814 1383
1983 1310 1983 1299 2026 1299
1835 1521 1779 1521 1779 1391
1610 1630 1796 1630 1796 1373
1845 1472 1946 1472 1946 1521
1891 1253 1753 1253 1753 1387
1835 1378 1913 1378 1913 1334
1762 1485 2044 1485 2044 1376
2041 1309 2041 1311 1622 1311 1622 1505
2039 1390 1734 1390 1734 1420
2113 1368 1961 1368 1961 1311
2044 1269 1838 1269 1838 1353
1623 1279 1623 1267 1867 1267
1919 1380 2000 1380 2000 1319
1707 1359 1825 1359 1825 1297
2112 1314 1791 1314 1791 1260
1847 1281 1789 1281 1789 1313
1908 1284 1908 1292 2049 1292
1838 1289 1654 1289 1654 1275
1611 1305 1611 1275 2118 1275
1776 1254 1649 1254 1649 1274
1777 1253 1777 1274 1951 1274
1789 1284 1843 1284 1843 1267 1981 1267
1729 1281 1774 1281 1774 1265
2068 1257 1747 1257 1747 1262
