4096 4096
169
124 110 124 339 230 339 230 657
324 709 4 709 4 702
272 428 272 890 721 890 721 917
249 561 558 561 558 875 688 875
188 406 188 652 890 652 890 878
524 1003 989 1003 989 49
238 476 238 379 1005 379 1005 36
326 861 326 609 521 609 521 544
278 58 278 430 131 430 131 661
87 497 324 497 324 115
630 1838 981 1838 981 1536
265 1316 265 1331 341 1331 341 1359
609 1198 752 1198 752 1783
302 1462 302 1519 286 1519 286 1542
550 1661 550 1655 954 1655 954 1588
669 1262 669 1447 868 1447 868 1746
161 1172 161 1230 297 1230 297 1525
206 1507 206 1390 377 1390 377 1382
441 1662 441 1590 15 1590 15 1055
615 1677 615 1440 517 1440 517 1297
361 3065 361 2743 223 2743 223 2710
403 2601 403 2295 97 2295 97 2238
1018 2383 1018 2488 463 2488 463 2671
40 2599 40 2590 847 2590 847 2335
530 2263 530 2436 749 2436 749 2601
233 2403 233 2388 802 2388 802 2329
617 2115 617 2392 104 2392 104 2900
68 2088 68 2713 908 2713 908 2740
25 2786 25 2717 698 2717 698 2048
138 2215 138 2845 343 2845 343 2976
57 2868 57 2781 595 2781 595 2337
954 3512 954 3679 879 3679 879 3742
73 3752 73 3985 121 3985 121 4009
705 3938 705 4046 1000 4046 1000 4085
229 3620 229 3729 451 3729 451 3960
872 3554 872 3523 61 3523 61 3400
604 3336 604 3383 371 3383 371 3517
167 3851 167 3409 905 3409 905 3118
51 3351 51 3334 1005 3334 1005 3295
311 3371 311 3356 505 3356 505 3113
610 3188 610 3293 784 3293 784 3449
1906 943 1906 926 1152 926 1152 873
1624 666 1624 509 1382 509 1382 353
1654 874 1654 827 1679 827 1679 729
1297 28 1297 609 1931 609 1931 872
1821 289 1821 509 1900 509 1900 738
1487 95 1487 266 1391 266 1391 427
2046 451 1587 451 1587 990
1815 191 1651 191 1651 848
2042 379 2042 384 1173 384 1173 447
1722 155 1722 362 1091 362 1091 485
1486 417 1486 558 1425 558 1425 656
1325 1037 1325 1187 1295 1187 1295 1604
1329 1071 1329 1818 1801 1818 1801 1842
1271 1291 1271 1300 1778 1300 1778 1307
1783 1236 1783 1641 1795 1641 1795 1842
1891 1428 1891 1532 1366 1532 1366 1535
1650 1557 1650 1566 1890 1566 1890 1813
1148 1570 1148 1675 1933 1675 1933 1802
1053 1311 1053 1259 1385 1259 1385 1126
1081 1542 1081 1473 1944 1473 1944 1460
1619 1470 1619 1895 1538 1895 1538 1922
1876 2000 1876 1607 1098 1607 1098 1568
1961 2779 1961 2605 1788 2605 1788 2332
1704 2991 1704 2799 1143 2799 1143 2566
1370 2165 1370 2457 1641 2457 1641 2470
1990 2222 1990 2327 1634 2327 1634 2396
1814 2165 1814 2307 1394 2307 1394 2362
1215 2498 1215 2324 1182 2324 1182 2097
1603 2089 1603 2128 1885 2128 1885 2191
1670 2926 1670 2609 1651 2609 1651 2490
1948 2966 1948 2882 1105 2882 1105 2607
1822 2682 1822 2637 1747 2637 1747 2558
1149 2670 1149 2712 1271 2712 1271 2895
1889 3597 1889 3398 1558 3398 1558 3371
1572 3835 1572 4027 1068 4027 1068 4090
1371 3965 1371 3668 1127 3668 1127 3450
1942 3325 1942 3693 1843 3693 1843 3944
1281 3781 1281 3787 1350 3787 1350 3988
1304 3528 1304 3573 1181 3573 1181 3590
1037 3205 1037 3322 1217 3322 1217 3355
1595 3272 1595 3255 1396 3255 1396 3181
1204 4049 1204 3309 1082 3309 1082 3162
2018 3245 2018 3254 1429 3254 1429 3377
2299 715 2299 787 3045 787 3045 950
2239 161 2239 252 2734 252 2734 264
2281 596 2281 437 2374 437 2374 385
2854 742 2854 695 2817 695 2817 552
2494 713 2494 818 2564 818 2564 974
2809 276 2809 345 2359 345 2359 384
2931 73 2931 298 2969 298 2969 511
2934 725 2934 719 2493 719 2493 68
2143 988 2143 633 2718 633 2718 585
2704 418 2704 319 2244 319 2244 200
2932 974 2932 327 2533 327 2533 289
2699 1626 2699 1673 2829 1673 2829 1807
2992 1966 2992 2014 2311 2014 2311 2027
2086 2030 2086 1943 2130 1943 2130 1400
2833 1716 2833 1725 3030 1725 3030 1892
2292 1322 2292 1535 2317 1535 2317 1886
2290 1474 2290 1933 2848 1933 2848 1955
3068 1361 3068 1376 2221 1376 2221 1619
2493 1160 2493 1511 2521 1511 2521 2034
2646 2000 2646 1892 2144 1892 2144 1461
2582 1339 2582 1266 2110 1266 2110 1070
2951 1026 2951 1365 2758 1365 2758 1488
2563 2067 2563 2684 2301 2684 2301 2827
2974 2184 2974 2253 2456 2253 2456 2652
2846 2798 2846 2243 2594 2243 2594 2219
2228 2325 2228 2268 2781 2268 2781 2085
2278 2086 2278 2291 2837 2291 2837 2832
2603 2630 2603 2557 2627 2557 2627 2182
2260 2530 2260 2629 2435 2629 2435 2911
2145 2611 2145 2628 2716 2628 2716 2702
2803 2182 2803 2419 2405 2419 2405 2626
2629 2903 2629 2286 2698 2286 2698 2172
2333 2470 2333 2501 2346 2501 2346 2547
2689 3810 2689 3773 2356 3773 2356 3280
2774 3299 2774 3906 2854 3906 2854 3934
2940 4046 2940 3698 2486 3698 2486 3299
2379 3286 2379 3303 2405 3303 2405 3416
2720 3483 2720 3682 2586 3682 2586 3709
2502 3911 2502 3909 2536 3909 2536 3906
2740 3890 2740 3852 2786 3852 2786 3819
2705 3637 2705 3620 2329 3620 2329 3611
2371 4004 2371 3607 2079 3607 2079 3544
2352 3876 2352 3711 2200 3711 2200 3643
2182 4002 2182 3861 2489 3861 2489 3606
3161 102 3161 484 3287 484 3287 779
3386 107 3386 544 4095 544 4095 802
3616 936 3616 861 3796 861 3796 379
3778 498 3778 531 3809 531 3809 814
4073 534 4073 425 3237 425 3237 250
3086 234 3086 391 3165 391 3165 860
3433 931 3433 922 3703 922 3703 803
3356 714 3356 597 3637 597 3637 339
3733 669 3733 717 3887 717 3887 870
3084 212 3084 254 3894 254 3894 267
3287 1214 3287 1521 3711 1521 3711 1713
3660 1279 3660 1094 3117 1094 3117 1037
4046 1077 4046 1102 3176 1102 3176 1226
3434 1776 3434 1304 4026 1304 4026 1031
3189 1654 3189 1629 4051 1629 4051 1278
3096 1609 3096 1536 4024 1536 4024 1065
4039 1056 4039 1373 3858 1373 3858 1601
3550 1385 3550 1658 4080 1658 4080 1927
3369 1725 3369 1814 4001 1814 4001 1873
4063 1885 4063 1686 3245 1686 3245 1659
3878 1651 3878 1629 3390 1629 3390 1566
3727 2255 3727 2297 3105 2297 3105 2750
3890 2467 3890 2359 3197 2359 3197 2324
4039 3046 4039 3009 4065 3009 4065 2516
3555 2975 3555 2790 3932 2790 3932 2733
3534 2143 3534 2386 4046 2386 4046 2712
3639 2101 3639 2293 3807 2293 3807 2388
3127 2860 3127 2473 3255 2473 3255 2198
4051 2961 4051 2378 3567 2378 3567 2119
4005 2795 4005 2823 3234 2823 3234 2854
3419 2807 3419 2699 3240 2699 3240 2628
3659 3124 3659 3157 3217 3157 3217 4072
3682 3741 3682 3783 3546 3783 3546 4038
3187 3691 3187 3298 3744 3298 3744 3259
3373 3249 3373 3660 3727 3660 3727 3955
3741 3784 3741 3775 3219 3775 3219 3751
3512 3831 3512 3789 3661 3789 3661 3696
3239 3724 3239 3847 3596 3847 3596 3895
3596 3852 3596 3843 3158 3843 3158 3756
3738 3181 3738 3608 3447 3608 3447 3786
3921 3499 3921 3508 3689 3508 3689 3803
