4096 4096
595
44 234 282 234 282 673 602 673
985 224 673 224 673 208 441 208
618 922 507 922 507 240 475 240
589 527 577 527 577 432 413 432
389 643 552 643 552 1021 818 1021
253 17 191 17 191 505 47 505
409 693 409 387 184 387
1021 418 694 418 694 311
372 54 595 54 595 212 783 212
615 501 609 501 609 424 597 424
160 809 304 809 304 447 481 447
157 985 778 985 778 726
309 829 362 829 362 98 386 98
255 695 233 695 233 757 210 757
78 100 880 100 880 327
843 951 776 951 776 126
715 857 512 857 512 771 457 771
678 677 526 677 526 524 502 524
703 392 643 392 643 580 607 580
458 619 982 619 982 815
423 471 515 471 515 919 845 919
798 273 129 273 129 677
830 216 118 216 118 108
433 1558 303 1558 303 1944 235 1944
900 1538 890 1538 890 1952 314 1952
513 1415 502 1415 502 1521 325 1521
471 1216 573 1216 573 1109 616 1109
364 1582 566 1582 566 1686 769 1686
322 1331 172 1331 172 1821 153 1821
1000 1374 472 1374 472 1108 464 1108
202 2009 782 2009 782 1612 841 1612
536 1284 306 1284 306 1900
616 1808 676 1808 676 1467 932 1467
550 2036 354 2036 354 1458 324 1458
248 1083 623 1083 623 1857 997 1857
709 1561 696 1561 696 1175 160 1175
253 1031 266 1031 266 1346
802 1478 694 1478 694 1781 318 1781
137 1056 483 1056 483 1236 531 1236
305 1195 197 1195 197 1113 137 1113
924 1286 867 1286 867 1917 506 1917
228 1829 761 1829 761 1679
529 1572 266 1572 266 1636
227 1457 453 1457 453 1933
206 1828 390 1828 390 1972 494 1972
274 1339 36 1339 36 1843
797 3015 276 3015 276 3050
780 2444 821 2444 821 2687 864 2687
588 2655 911 2655 911 2487
762 2788 494 2788 494 2502 441 2502
103 2076 777 2076 777 2912
345 2672 299 2672 299 2379 163 2379
798 2098 701 2098 701 2988
992 2732 709 2732 709 2108
409 2811 791 2811 791 2629 892 2629
551 2449 506 2449 506 2559 382 2559
725 2106 427 2106 427 2460
279 2339 455 2339 455 2190 527 2190
595 2565 358 2565 358 2231 293 2231
873 2111 208 2111 208 2819 98 2819
813 2862 765 2862 765 3059 419 3059
742 2515 806 2515 806 2472 830 2472
185 2962 160 2962 160 2215
37 2226 37 2246 844 2246
1011 2773 441 2773 441 2898
197 2180 249 2180 249 2921 562 2921
728 3772 676 3772 676 3721 108 3721
901 3629 681 3629 681 3225 486 3225
347 3402 307 3402 307 3832 104 3832
802 3847 627 3847 627 3566 595 3566
121 3469 185 3469 185 3959 385 3959
970 4019 545 4019 545 3268 476 3268
134 3351 569 3351 569 3356 949 3356
807 3736 243 3736 243 3411 36 3411
450 3793 804 3793 804 3249
162 3199 169 3199 169 3757 276 3757
475 3525 489 3525 489 3599
343 3580 857 3580 857 3289
631 4022 39 4022 39 4058 15 4058
386 4017 284 4017 284 3407 36 3407
836 3616 772 3616 772 3227 603 3227
267 3714 488 3714 488 3432 728 3432
550 3532 81 3532 81 3354
691 3352 849 3352 849 3500
296 3946 453 3946 453 3233 565 3233
821 3541 877 3541 877 3951 885 3951
1002 3474 982 3474 982 3385 430 3385
502 3771 255 3771 255 3887 67 3887
1222 958 1279 958 1279 715 1539 715
1647 347 1721 347 1721 998 1769 998
1217 340 1213 340 1213 144 1208 144
1471 651 1467 651 1467 363 1450 363
1465 201 1459 201 1459 979 1448 979
1367 880 1491 880 1491 155 1523 155
1356 456 1131 456 1131 460 1117 460
1295 177 1397 177 1397 922 1701 922
1692 630 1688 630 1688 454 1680 454
1633 662 1622 662 1622 846 1435 846
1525 457 1041 457 1041 873
2004 927 1284 927 1284 905
1109 946 1420 946 1420 953
1642 768 1417 768 1417 133 1179 133
1866 977 1546 977 1546 803 1538 803
1123 244 1605 244 1605 62 1658 62
1442 124 1536 124 1536 946 1583 946
1712 299 1640 299 1640 55 1452 55
1982 76 1822 76 1822 674 1458 674
1862 481 2012 481 2012 173 2031 173
1546 683 1550 683 1550 763 1552 763
1570 1480 1574 1480 1574 1619 1576 1619
1254 1145 1182 1145 1182 1343 1145 1343
1178 1894 1218 1894 1218 1829 1280 1829
1882 1973 1990 1973 1990 1067 2003 1067
1061 1390 1133 1390 1133 1914 1141 1914
1935 1371 1643 1371 1643 1068 1392 1068
1278 1079 1271 1079 1271 1683 1239 1683
1349 1846 1307 1846 1307 1635 1306 1635
1375 1323 1351 1323 1351 1618 1343 1618
1372 1202 1418 1202 1418 1030 1645 1030
1333 2034 1332 2034 1332 1639 1329 1639
1062 1688 1264 1688 1264 1628 1467 1628
1381 1337 1769 1337 1769 1366 1825 1366
1405 1602 1797 1602 1797 2000 1869 2000
2037 1356 1913 1356 1913 1059 1843 1059
1623 1309 1711 1309 1711 1813 1847 1813
2018 1848 2022 1848 2022 1607 2046 1607
1650 1508 1354 1508 1354 1053 1082 1053
1647 1043 1740 1043 1740 1374 1924 1374
1223 1270 1407 1270 1407 1655 1415 1655
1568 2041 1731 2041 1731 1693 1997 1693
1050 2881 1698 2881 1698 2764 1954 2764
1768 2817 1608 2817 1608 2104 1312 2104
1301 2278 1368 2278 1368 2665 1490 2665
1784 3067 1732 3067 1732 2344 1684 2344
1844 2494 2020 2494 2020 2167 2023 2167
1251 2220 1303 2220 1303 2152 1543 2152
1632 2409 1477 2409 1477 2662 1175 2662
1577 2167 1265 2167 1265 2340 1045 2340
1562 2910 1944 2910 1944 2434 1976 2434
1517 3018 1365 3018 1365 2776 1149 2776
1206 2667 1574 2667 1574 2121 1898 2121
1402 2743 1375 2743 1375 2622 1305 2622
1445 2052 1389 2052 1389 2862 1381 2862
1300 2283 1260 2283 1260 2975 1164 2975
1651 2589 1876 2589 1876 2550 1892 2550
1473 2363 1471 2363 1471 2138 1423 2138
1254 2478 1339 2478 1339 2695 1813 2695
1613 2408 1432 2408 1432 2121 1286 2121
1256 2055 1269 2055 1269 2062 1439 2062
1197 2866 1219 2866 1219 3059 1543 3059
1512 2236 1452 2236 1452 3012 1420 3012
1109 2755 1837 2755 1837 2703 1911 2703
1853 2203 1798 2203 1798 2948 1742 2948
1352 3535 1127 3535 1127 3654 1113 3654
1816 3245 1548 3245 1548 3322 1174 3322
1200 3468 1208 3468 1208 3691 1219 3691
1133 3476 1361 3476 1361 3582 1822 3582
1174 4012 1214 4012 1214 4054 1446 4054
1192 3118 1244 3118 1244 3347 1812 3347
1164 3972 1366 3972 1366 3438 1839 3438
1881 3316 1705 3316 1705 3778 1478 3778
1982 4018 1738 4018 1738 4011 1591 4011
1247 3657 1335 3657 1335 3988 1919 3988
1378 4009 1481 4009 1481 3213 1549 3213
1794 3113 1836 3113 1836 3247 1880 3247
1944 3382 1856 3382 1856 3605 1776 3605
1564 3622 1610 3622 1610 3358 1837 3358
1713 3567 1712 3567 1712 3925 1612 3925
2031 3770 1679 3770 1679 3831 1634 3831
1075 3631 1541 3631 1541 3661 1798 3661
1959 4049 1829 4049 1829 3533 1805 3533
1608 3288 1469 3288 1469 3567 1077 3567
1654 3279 1612 3279 1612 3575 1599 3575
2002 3816 1611 3816 1611 3983 1439 3983
2856 419 2850 419 2850 354 2822 354
2762 964 2964 964 2964 24 2996 24
2785 895 2655 895 2655 11 2344 11
2183 645 2667 645 2667 931 2972 931
2706 325 2546 325 2546 836 2444 836
2934 317 2935 317 2935 168 3035 168
2277 142 2350 142 2350 267 2364 267
2759 970 2747 970 2747 631 2475 631
2537 218 2545 218 2545 881 2613 881
2861 275 2434 275 2434 468 2366 468
2854 932 2562 932 2562 321 2492 321
2521 1012 2576 1012 2576 379 2632 379
3023 648 2711 648 2711 407 2463 407
2286 374 2346 374 2346 164 2608 164
2390 659 2279 659 2279 806 2209 806
2228 799 2412 799 2412 34 2451 34
3065 182 2593 182 2593 214 2525 214
3012 945 2564 945 2564 643 2434 643
2980 1011 2940 1011 2940 568 2912 568
2774 542 3003 542 3003 289 3071 289
2892 950 2891 950 2891 145
2934 1920 2918 1920 2918 1226 2298 1226
2531 1533 2655 1533 2655 1742 2822 1742
2678 1861 2766 1861 2766 1248 2774 1248
3024 1167 2597 1167 2597 1390 2199 1390
2744 1521 2742 1521 2742 1371 2739 1371
2163 1892 2359 1892 2359 1862 2841 1862
2717 1768 2759 1768 2759 1948 2932 1948
2137 1690 2313 1690 2313 1741 2523 1741
3042 1919 2962 1919 2962 1533 2570 1533
2270 1693 2118 1693 2118 1898 2110 1898
3004 1384 2707 1384 2707 1155 2295 1155
2805 1049 2609 1049 2609 1774 2579 1774
2423 1194 2398 1194 2398 1103 2334 1103
3028 1608 2800 1608 2800 1661 2685 1661
2782 1991 2742 1991 2742 1225 2728 1225
2731 1494 2775 1494 2775 1406 2814 1406
2723 1644 2710 1644 2710 1091 2696 1091
2138 1622 2730 1622 2730 1740 2798 1740
2252 1583 2438 1583 2438 1380 2463 1380
2386 1277 2234 1277 2234 1435 2202 1435
2147 1465 2239 1465 2239 1978
2259 2035 2725 2035 2725 1935 2920 1935
2272 1544 2770 1544 2770 1831 3038 1831
2783 2561 2959 2561 2959 2619 3004 2619
2160 2677 2108 2677 2108 2897 2085 2897
3028 2053 3013 2053 3013 2230 2999 2230
2056 2752 2426 2752 2426 2969 2887 2969
2709 3019 2797 3019 2797 2166 2805 2166
2323 2288 2343 2288 2343 2594 2367 2594
2132 2389 2577 2389 2577 2836 2645 2836
2103 2827 2119 2827 2119 3023 2527 3023
2453 2492 2493 2492 2493 2130 2561 2130
2326 2967 2678 2967 2678 2137 2723 2137
3009 2720 3008 2720 3008 2485 3001 2485
2557 2584 2642 2584 2642 2423 2686 2423
2718 2560 2752 2560 2752 2543 2869 2543
2460 2082 2414 2082 2414 2122 2213 2122
2156 2878 2242 2878 2242 2423 2293 2423
2347 2352 2519 2352 2519 2549 2557 2549
2730 2248 2138 2248 2138 2663 2070 2663
2675 2125 2667 2125 2667 3046 2371 3046
2678 2304 2326 2304 2326 2381 2078 2381
2300 2858 2892 2858 2892 2264 2905 2264
2398 3627 2358 3627 2358 3872 2074 3872
2685 3503 2611 3503 2611 3702 2566 3702
2425 3099 2223 3099 2223 3078 2200 3078
2750 3074 2718 3074 2718 3128 2470 3128
2395 4055 2331 4055 2331 3836 2131 3836
3067 4053 2595 4053 2595 3074 2422 3074
2994 3200 2972 3200 2972 3116 2129 3116
2128 3244 2108 3244 2108 4075 2106 4075
2622 3262 2426 3262 2426 4030 2378 4030
2935 3820 2427 3820 2427 3403 2281 3403
2834 3097 2557 3097 2557 3343 2099 3343
2051 3653 2093 3653 2093 3586 2266 3586
2052 3691 2446 3691 2446 3768 2454 3768
2903 3955 2764 3955 2764 3666 2192 3666
2409 4021 2854 4021 2854 3119 2922 3119
2393 3412 2817 3412 2817 4038 2827 4038
2492 3143 2378 3143 2378 3122 2314 3122
2394 3230 2235 3230 2235 3438 2105 3438
2977 4056 2825 4056 2825 3535 2477 3535
2400 3111 2964 3111 2964 3558 3058 3558
3421 237 3714 237 3714 906 3782 906
3678 597 3910 597 3910 979 3918 979
4051 821 4020 821 4020 44 4018 44
3480 207 3532 207 3532 187 3626 187
3291 392 3249 392 3249 965 3248 965
3891 143 4013 143 4013 770 4081 770
3114 438 3397 438 3397 370 3885 370
3979 474 3739 474 3739 86 3165 86
3931 568 3958 568 3958 137 4026 137
3870 701 3558 701 3558 927 3547 927
3864 451 3740 451 3740 213 3550 213
3625 585 3922 585 3922 798 4091 798
3788 531 3234 531 3234 407
3989 479 4021 479 4021 435 4087 435
3476 908 3492 908 3492 300 3582 300
3761 394 4056 394 4056 254 4081 254
3914 157 3862 157 3862 511 3764 511
3682 618 3495 618 3495 409 3339 409
3309 224 3591 224 3591 952 3779 952
3433 50 3575 50 3575 141 3922 141
3758 423 3571 423 3571 394 3165 394
4037 655 3565 655 3565 569 3497 569
3096 1711 3180 1711 3180 2014 3713 2014
3138 1353 3562 1353 3562 1434 3882 1434
3757 1453 3249 1453 3249 1852 3148 1852
3654 1803 3513 1803 3513 1136 3445 1136
4061 1786 3525 1786 3525 1846 3469 1846
3535 1175 3575 1175 3575 1446 3603 1446
3939 1298 3497 1298 3497 1211 3348 1211
3784 1210 3599 1210 3599 1889 3317 1889
3705 1207 3772 1207 3772 1080 4020 1080
3425 1964 3424 1964 3424 1170 3324 1170
3770 1056 3378 1056 3378 1822 3190 1822
3695 1497 3923 1497 3923 1457 4038 1457
3258 1239 3262 1239 3262 1315 3510 1315
3818 1535 3612 1535 3612 1472 3591 1472
3832 1751 3680 1751 3680 1103 3656 1103
3474 1245 3632 1245 3632 1513 3917 1513
3365 1686 3557 1686 3557 1408 3796 1408
3467 1856 3674 1856 3674 1905 3808 1905
3365 1782 3642 1782 3642 1708 3990 1708
3573 2029 3546 2029 3546 1331 3098 1331
3450 2895 3504 2895 3504 2657 3557 2657
3082 2416 3078 2416 3078 2149 3076 2149
3776 3046 3864 3046 3864 2569 3872 2569
3518 2715 3526 2715 3526 2204 3556 2204
3961 2978 3915 2978 3915 2061 3779 2061
3871 2416 3428 2416 3428 2804 3345 2804
3910 2556 3202 2556 3202 2094
3253 2933 4049 2933 4049 2405 4057 2405
3415 2934 3467 2934 3467 3063 3490 3063
3535 2420 3592 2420 3592 2205 3620 2205
3246 2615 3238 2615 3238 2819 3119 2819
3943 3043 3750 3043 3750 2865 3586 2865
3448 2103 3536 2103 3536 2633 3784 2633
3467 2631 3313 2631 3313 2295 3254 2295
3431 2880 3464 2880 3464 2346 3964 2346
3286 2049 3378 2049 3378 2315 3471 2315
3762 2647 3864 2647 3864 2061 3907 2061
3279 2393 3873 2393 3873 3071 3905 3071
3860 2258 3736 2258 3736 2201 3232 2201
3243 2839 3289 2839 3289 2356 3490 2356
3328 3736 3360 3736 3360 3323 3377 3323
3550 3791 3824 3791 3824 3747 3892 3747
3910 3884 3870 3884 3870 3719 3586 3719
3723 3843 3681 3843 3681 3203 3508 3203
4005 3470 3903 3470 3903 3753 3860 3753
3490 3698 3677 3698 3677 3501 4083 3501
4027 3614 3719 3614 3719 3809 3161 3809
3248 3297 3240 3297 3240 3101 3229 3101
3929 3135 3481 3135 3481 3338 3351 3338
3409 4058 3585 4058 3585 3828 3657 3828
3666 3552 3658 3552 3658 3136 3158 3136
3365 3693 3363 3693 3363 3775 3360 3775
3935 3916 3811 3916 3811 4037 3353 4037
3352 3312 3350 3312 3350 3993 3347 3993
3948 3426 3708 3426 3708 3419 3541 3419
3262 3409 3390 3409 3390 3767 3936 3767
4013 4075 3837 4075 3837 3937 3241 3937
3171 3340 3243 3340 3243 3236 3280 3236
3233 3734 3260 3734 3260 3954 3358 3954
3540 3270 3841 3270 3841 3797 4081 3797
3997 3902 3477 3902 3477 3718 3244 3718
3246 3353 3206 3353 3206 3698 3178 3698
3408 3569 3376 3569 3376 3348 3310 3348
1872 974 1625 974 1625 1066 1611 1066
615 1015 1207 1015 1207 1025 1825 1025
1055 1015 1207 1015 1207 1037 1275 1037
1561 1010 1690 1010 1690 1057 1700 1057
910 988 1052 988 1052 1038 1399 1038
1801 2058 1157 2058 1157 2082 803 2082
1657 2074 1659 2074 1659 2020 1682 2020
211 2059 240 2059 240 2090 342 2090
749 2035 993 2035 993 1997 1025 1997
1157 2016 1219 2016 1219 2032 1672 2032
1440 3066 1212 3066 1212 3104 1076 3104
690 3049 1282 3049 1282 3036 1306 3036
1272 3059 208 3059 208 3104 200 3104
386 3037 950 3037 950 3092 1702 3092
1239 3051 1707 3051 1707 3084 1891 3084
2632 984 2508 984 2508 1000 2161 1000
1827 1020 1912 1020 1912 1047 2214 1047
2514 1010 2074 1010 2074 1015 1538 1015
1230 979 1282 979 1282 1021 1292 1021
3001 993 1667 993 1667 1020 1650 1020
2309 2078 1953 2078 1953 2051 1678 2051
1125 2083 2293 2083 2293 2057 2751 2057
1057 2034 1745 2034 1745 2007 2909 2007
1311 2035 1378 2035 1378 2072 1626 2072
1656 2092 1083 2092 1083 2003 1057 2003
1285 3073 1747 3073 1747 3047 2247 3047
2704 3069 2506 3069 2506 3025 1698 3025
2681 3048 1627 3048 1627 3102 1139 3102
2407 3039 2031 3039 2031 3046 1843 3046
2694 3046 1532 3046 1532 3053 1059 3053
2845 1036 2453 1036 2453 1041 2081 1041
3332 1061 3208 1061 3208 1029 2535 1029
2321 1011 3485 1011 3485 1056 3517 1056
2483 994 2635 994 2635 1004 3219 1004
3633 1066 2257 1066 2257 1009 2189 1009
2709 2008 3301 2008 3301 2083 3853 2083
3602 2082 2822 2082 2822 2035 2416 2035
2310 2062 2622 2062 2622 2026 2633 2026
2804 2047 3006 2047 3006 2012 3155 2012
2853 2001 3884 2001 3884 2036 3904 2036
3477 3062 3323 3062 3323 3063 3130 3063
4000 3063 3562 3063 3562 3108 2438 3108
3042 3031 3829 3031 3829 3035 3897 3035
3541 3088 3853 3088 3853 3122 3921 3122
3714 3087 3402 3087 3402 3058 3049 3058
1011 1511 1018 1511 1018 1708 1050 1708
973 1956 1004 1956 1004 915 1006 915
1050 701 1052 701 1052 112 1055 112
1054 1130 1022 1130 1022 585 1019 585
1011 233 1007 233 1007 368 990 368
1034 1726 1065 1726 1065 2785 1067 2785
988 1324 1030 1324 1030 2857 1074 2857
1026 1719 1025 1719 1025 2614 1023 2614
1022 1313 1042 1313 1042 3005 1074 3005
1070 2649 1052 2649 1052 1326 1033 1326
990 2607 1042 2607 1042 3164 1065 3164
1033 2880 1051 2880 1051 2556 1070 2556
1074 2329 1042 2329 1042 2289 976 2289
1073 3920 1041 3920 1041 3374 1003 3374
1000 3715 1004 3715 1004 3820 1009 3820
2036 1242 2078 1242 2078 1829 2079 1829
2032 12 2065 12 2065 223 2073 223
2048 1534 2041 1534 2041 913 2035 913
2045 1766 2046 1766 2046 869
2081 401 2039 401 2039 455 2038 455
2050 2125 2082 2125 2082 1330 2090 1330
2065 2060 2061 2060 2061 2509 2029 2509
2059 1986 2057 1986 2057 1715 2054 1715
2063 1893 2054 1893 2054 2538 2052 2538
2002 2695 2003 2695 2003 1209 2049 1209
2035 4062 2037 4062 2037 3959 2060 3959
2030 3148 2037 3148 2037 3527 2095 3527
2057 2403 2005 2403 2005 3526 1997 3526
2054 3265 2053 3265 2053 3287
2062 2301 2058 2301 2058 3758 2034 3758
3112 961 3091 961 3091 139 3081 139
3057 128 3044 128 3044 1030 3030 1030
3076 995 3036 995 3036 1507 3022 1507
3067 816 3109 816 3109 1979 3122 1979
3076 932 3070 932 3070 928 3042 928
3082 2794 3086 2794 3086 1769 3094 1769
3079 1192 3047 1192 3047 1614 3044 1614
3093 1701 3056 1701 3056 3029 3024 3029
3044 2468 3086 2468 3086 2469 3087 2469
3040 1764 3049 1764 3049 2047 3051 2047
3110 2388 3094 2388 3094 2632 3086 2632
3026 3567 3078 3567 3078 2115 3088 2115
3102 3477 3104 3477 3104 3989 3107 3989
3100 2275 3102 2275 3102 2593 3110 2593
3104 3050 3097 3050 3097 2797 3091 2797
1112 3180 1695 3180 1695 2551 3899 2551
2737 3176 2585 3176 2585 693 713 693
2367 3052 2950 3052 2950 1787 3296 1787
3627 1315 3451 1315 3451 2862 3241 2862
55 2795 89 2795 89 2160 206 2160
3879 650 2657 650 2657 3927 589 3927
1617 3330 1349 3330 1349 1559 975 1559
1430 2324 1677 2324 1677 728 3749 728
1820 3580 3336 3580 3336 496 3638 496
1196 1259 1102 1259 1102 2555 773 2555
171 1452 553 1452 553 2415 1206 2415
3203 4046 1051 4046 1051 3803 78 3803
2759 2655 2923 2655 2923 2609 3478 2609
172 1970 868 1970 868 1121 1028 1121
1463 727 1423 727 1423 1792 1412 1792
2007 306 1585 306 1585 102 1442 102
3774 469 2831 469 2831 770 2331 770
1772 188 1680 188 1680 1051 1032 1051
1613 2630 1893 2630 1893 3706 2861 3706
882 3434 1390 3434 1390 559 1645 559
1946 3223 1973 3223 1973 1909 2043 1909
497 1209 1739 1209 1739 3108 2460 3108
1443 2812 1810 2812 1810 2266 2508 2266
475 1124 273 1124 273 3177 205 3177
3080 2955 2500 2955 2500 1319 2441 1319
2496 1556 2800 1556 2800 3102 2900 3102
2366 137 1006 137 1006 132 230 132
2073 1819 1547 1819 1547 3439 1479 3439
1859 1008 2817 1008 2817 1133 3797 1133
1192 83 2136 83 2136 223 3003 223
3598 3620 3784 3620 3784 651 3809 651
1319 44 2541 44 2541 978 3041 978
2763 1663 2959 1663 2959 1052 3129 1052
315 2844 1579 2844 1579 1982 1847 1982
3366 2671 3238 2671 3238 1208 2692 1208
3186 2334 3362 2334 3362 1730 3713 1730
3252 979 2863 979 2863 310 2363 310
3397 1224 1913 1224 1913 710 1431 710
2727 3185 2743 3185 2743 2381 2780 2381
3962 3545 3370 3545 3370 2078 1778 2078
2403 2662 2033 2662 2033 3731 1984 3731
2898 3623 2458 3623 2458 2025 1922 2025
2307 371 2759 371 2759 3733 3007 3733
52 3112 104 3112 104 1906 1877 1906
3694 2225 2547 2225 2547 2191 1633 2191
3009 1487 1997 1487 1997 708 174 708
881 2751 2539 2751 2539 807 2688 807
101 2053 1617 2053 1617 2531 3737 2531
2986 320 2895 320 2895 21 505 21
3551 822 3791 822 3791 1559 3847 1559
2779 1678 2691 1678 2691 141 2667 141
3881 1847 994 1847 994 4063 432 4063
721 3358 2153 3358 2153 119 2993 119
3813 885 3061 885 3061 3592 2873 3592
2878 1668 3171 1668 3171 3627 3957 3627
1947 3941 1421 3941 1421 3433 1353 3433
1896 914 2292 914 2292 2036 2863 2036
2180 686 1978 686 1978 1268 230 1268
2119 1291 2967 1291 2967 3753 3507 3753
1838 3539 1846 3539 1846 3976 1990 3976
577 563 2667 563 2667 2984 2903 2984
1157 3750 1147 3750 1147 811 966 811
1742 447 1348 447 1348 323 529 323
3939 3149 3343 3149 3343 529 2767 529
1278 429 1408 429 1408 2487 2664 2487
2766 675 2869 675 2869 3321 2937 3321
2539 1442 2749 1442 2749 3200 3230 3200
1274 3689 997 3689 997 93 49 93
986 2054 1921 2054 1921 160 3897 160
1666 490 1133 490 1133 3345 569 3345
2005 162 1917 162 1917 862 1909 862
1952 3031 1300 3031 1300 2441 627 2441
1638 3654 1268 3654 1268 1303 381 1303
1880 990 1699 990 1699 2615 1553 2615
934 1925 986 1925 986 1671 1007 1671
570 1430 1250 1430 1250 1345 1271 1345
1794 653 1674 653 1674 1422 1538 1422
330 138 598 138 598 3355 747 3355
1918 3738 1275 3738 1275 929 775 929
278 3184 286 3184 286 1407 354 1407
109 3708 877 3708 877 2613 1781 2613
96 3301 184 3301 184 304 320 304
488 3599 912 3599 912 3607 1664 3607
426 3669 703 3669 703 1309 1051 1309
295 236 387 236 387 545 665 545
1169 1769 951 1769 951 1394 531 1394
1829 2914 1341 2914 1341 1078 477 1078
1652 1701 1442 1701 1442 2992 681 2992
1604 2119 1420 2119 1420 217 1028 217
1650 3861 1590 3861 1590 1943 1328 1943
530 2226 602 2226 602 3379 790 3379
587 818 515 818 515 2892 327 2892
116 991 708 991 708 3788 974 3788
1173 4065 1171 4065 1171 2220 1148 2220
1081 3880 1021 3880 1021 1469 989 1469
681 3674 919 3674 919 932 960 932
1842 3857 1802 3857 1802 859 1788 859
353 3030 637 3030 637 2689 1206 2689
771 1228 734 1228 734 3593 702 3593
1740 2653 728 2653 728 1760 417 1760
167 2999 543 2999 543 895 831 895
631 941 1559 941 1559 1655 1653 1655
786 4069 699 4069 699 3917 265 3917
72 3526 1136 3526 1136 2819 1144 2819
562 3145 1238 3145 1238 2535 1791 2535
1774 2705 1811 2705 1811 3737 1889 3737
1325 3304 823 3304 823 3839 755 3839
1837 2998 1653 2998 1653 2314 1391 2314
1374 3108 417 3108 417 2926 157 2926
1593 3104 1975 3104 1975 2282 2040 2282
559 2897 735 2897 735 3844 738 3844
126 2433 1037 2433 1037 2363 1307 2363
741 3774 1277 3774 1277 3749 1777 3749
1526 2135 1628 2135 1628 3915 1729 3915
633 2546 901 2546 901 3596 1869 3596
1899 3150 1877 3150 1877 2065 1854 2065
402 2323 1151 2323 1151 3796 1289 3796
1515 2118 1891 2118 1891 3030 1989 3030
1930 3366 1330 3366 1330 3282 108 3282
208 2499 79 2499 79 2525 69 2525
325 2231 369 2231 369 2397 657 2397
1540 2313 1530 2313 1530 2257 967 2257
1411 2999 1056 2999 1056 2956 598 2956
588 2235 1268 2235 1268 2223 1412 2223
839 2495 843 2495 843 2379 881 2379
1065 2089 1282 2089 1282 2799 1350 2799
1115 2322 1083 2322 1083 2310 625 2310
431 2260 421 2260 421 2128 138 2128
618 2153 546 2153 546 2438 509 2438
473 2405 1593 2405 1593 2214 1661 2214
797 2459 765 2459 765 2050 762 2050
881 2462 1074 2462 1074 2384 1350 2384
1489 2478 1482 2478 1482 2056 1294 2056
1476 2453 1156 2453 1156 2175 1148 2175
1331 2167 1217 2167 1217 2293 1153 2293
1712 2523 1749 2523 1749 2049 1827 2049
1167 2127 1819 2127 1819 2232 1932 2232
1955 2200 1867 2200 1867 2250 1859 2250
1759 2060 1727 2060 1727 2182 1661 2182
1896 2074 1772 2074 1772 2132 1740 2132
1545 2082 1587 2082 1587 2258 1760 2258
1384 2242 1364 2242 1364 2069 1098 2069
1478 2227 1505 2227 1505 2237 1603 2237
1361 2206 1253 2206 1253 2301 1174 2301
1036 2287 1365 2287 1365 2247 1835 2247
1762 2213 1458 2213 1458 2294 1156 2294
1156 2199 1110 2199 1110 2285 1065 2285
1247 2203 1255 2203 1255 2186 1374 2186
1033 2203 1172 2203 1172 2213 1270 2213
1229 2210 1157 2210 1157 2224 1125 2224
1401 2216 1220 2216 1220 2196 1074 2196
1419 2198 1375 2198 1375 2232 1336 2232
1492 2230 1476 2230 1476 2206 1333 2206
1172 2176 1165 2176 1165 2213 1107 2213
1456 2193 1444 2193 1444 2211 1172 2211
1216 2222 1355 2222 1355 2209 1393 2209
1118 2181 1087 2181 1087 2184 1085 2184
1436 2229 1435 2229 1435 2201
1371 2184 1384 2184 1384 2227 1432 2227
1359 2214 1367 2214 1367 2237 1511 2237
1283 2233 1320 2233 1320 2228 1398 2228
1290 2199 1302 2199 1302 2177 1310 2177
