4096 4096
595
44 234 44 528 602 528 602 673
985 224 985 220 441 220 441 208
618 922 618 346 475 346 475 240
589 527 589 492 413 492 413 432
389 643 389 933 818 933 818 1021
253 17 253 429 47 429 47 505
409 693 409 565 184 565 184 387
1021 418 1021 346 694 346 694 311
372 54 372 122 783 122 783 212
615 501 615 442 597 442 597 424
160 809 160 453 481 453 481 447
157 985 157 828 778 828 778 726
309 829 309 820 386 820 386 98
255 695 255 713 210 713 210 757
78 100 78 217 880 217 880 327
843 951 843 496 776 496 776 126
715 857 715 805 457 805 457 771
678 677 678 549 502 549 502 524
703 392 703 540 607 540 607 580
458 619 458 671 982 671 982 815
423 471 423 747 845 747 845 919
798 273 798 361 129 361 129 677
830 216 830 196 118 196 118 108
433 1558 433 1880 235 1880 235 1944
900 1538 900 1756 314 1756 314 1952
513 1415 513 1481 325 1481 325 1521
471 1216 471 1144 616 1144 616 1109
364 1582 364 1618 769 1618 769 1686
322 1331 322 1481 153 1481 153 1821
1000 1374 1000 1168 464 1168 464 1108
202 2009 202 1981 841 1981 841 1612
536 1284 536 1728 306 1728 306 1900
616 1808 616 1573 932 1573 932 1467
550 2036 550 1466 324 1466 324 1458
248 1083 248 1823 997 1823 997 1857
709 1561 709 1239 160 1239 160 1175
253 1031 253 1321 266 1321 266 1346
802 1478 802 1768 318 1768 318 1781
137 1056 137 1076 531 1076 531 1236
305 1195 305 1157 137 1157 137 1113
924 1286 924 1397 506 1397 506 1917
228 1829 228 1749 761 1749 761 1679
529 1572 529 1592 266 1592 266 1636
227 1457 227 1789 453 1789 453 1933
206 1828 206 1848 494 1848 494 1972
274 1339 274 1503 36 1503 36 1843
797 3015 797 3025 276 3025 276 3050
780 2444 780 2626 864 2626 864 2687
588 2655 588 2491 911 2491 911 2487
762 2788 762 2674 441 2674 441 2502
103 2076 103 2168 777 2168 777 2912
345 2672 345 2647 163 2647 163 2379
798 2098 798 2478 701 2478 701 2988
992 2732 992 2280 709 2280 709 2108
409 2811 409 2801 892 2801 892 2629
551 2449 551 2519 382 2519 382 2559
725 2106 725 2192 427 2192 427 2460
279 2339 279 2306 527 2306 527 2190
595 2565 595 2479 293 2479 293 2231
873 2111 873 2551 98 2551 98 2819
813 2862 813 2876 419 2876 419 3059
742 2515 742 2506 830 2506 830 2472
185 2962 185 2861 160 2861 160 2215
37 2226 37 2227 844 2227 844 2246
1011 2773 1011 2778 441 2778 441 2898
197 2180 197 2671 562 2671 562 2921
728 3772 728 3746 108 3746 108 3721
901 3629 901 3541 486 3541 486 3225
347 3402 347 3712 104 3712 104 3832
802 3847 802 3757 595 3757 595 3566
121 3469 121 3619 385 3619 385 3959
970 4019 970 4000 476 4000 476 3268
134 3351 134 3352 949 3352 949 3356
807 3736 807 3531 36 3531 36 3411
450 3793 450 3325 804 3325 804 3249
162 3199 162 3651 276 3651 276 3757
475 3525 475 3571 489 3571 489 3599
343 3580 343 3344 857 3344 857 3289
631 4022 631 4042 15 4042 15 4058
386 4017 386 3727 36 3727 36 3407
836 3616 836 3403 603 3403 603 3227
267 3714 267 3472 728 3472 728 3432
550 3532 550 3508 81 3508 81 3354
691 3352 691 3472 849 3472 849 3500
296 3946 296 3866 565 3866 565 3233
821 3541 821 3661 885 3661 885 3951
1002 3474 1002 3450 430 3450 430 3385
502 3771 502 3835 67 3835 67 3887
1222 958 1222 776 1539 776 1539 715
1647 347 1647 427 1769 427 1769 998
1217 340 1217 288 1208 288 1208 144
1471 651 1471 631 1450 631 1450 363
1465 201 1465 803 1448 803 1448 979
1367 880 1367 700 1523 700 1523 155
1356 456 1356 457 1117 457 1117 460
1295 177 1295 657 1701 657 1701 922
1692 630 1692 626 1680 626 1680 454
1633 662 1633 834 1435 834 1435 846
1525 457 1525 701 1041 701 1041 873
2004 927 2004 923 1284 923 1284 905
1109 946 1109 949 1420 949 1420 953
1642 768 1642 343 1179 343 1179 133
1866 977 1866 855 1538 855 1538 803
1123 244 1123 234 1658 234 1658 62
1442 124 1442 540 1583 540 1583 946
1712 299 1712 131 1452 131 1452 55
1982 76 1982 294 1458 294 1458 674
1862 481 1862 345 2031 345 2031 173
1546 683 1546 703 1552 703 1552 763
1570 1480 1570 1538 1576 1538 1576 1619
1254 1145 1254 1237 1145 1237 1145 1343
1178 1894 1178 1884 1280 1884 1280 1829
1882 1973 1882 1245 2003 1245 2003 1067
1061 1390 1061 1798 1141 1798 1141 1914
1935 1371 1935 1081 1392 1081 1392 1068
1278 1079 1278 1203 1239 1203 1239 1683
1349 1846 1349 1718 1306 1718 1306 1635
1375 1323 1375 1468 1343 1468 1343 1618
1372 1202 1372 1150 1645 1150 1645 1030
1333 2034 1333 1729 1329 1729 1329 1639
1062 1688 1062 1668 1467 1668 1467 1628
1381 1337 1381 1343 1825 1343 1825 1366
1405 1602 1405 1978 1869 1978 1869 2000
2037 1356 2037 1066 1843 1066 1843 1059
1623 1309 1623 1473 1847 1473 1847 1813
2018 1848 2018 1732 2046 1732 2046 1607
1650 1508 1650 1498 1082 1498 1082 1053
1647 1043 1647 1329 1924 1329 1924 1374
1223 1270 1223 1560 1415 1560 1415 1655
1568 2041 1568 1745 1997 1745 1997 1693
1050 2881 1050 2780 1954 2780 1954 2764
1768 2817 1768 2737 1312 2737 1312 2104
1301 2278 1301 2631 1490 2631 1490 2665
1784 3067 1784 2951 1684 2951 1684 2344
1844 2494 1844 2402 2023 2402 2023 2167
1251 2220 1251 2160 1543 2160 1543 2152
1632 2409 1632 2512 1175 2512 1175 2662
1577 2167 1577 2318 1045 2318 1045 2340
1562 2910 1562 2578 1976 2578 1976 2434
1517 3018 1517 2970 1149 2970 1149 2776
1206 2667 1206 2293 1898 2293 1898 2121
1402 2743 1402 2695 1305 2695 1305 2622
1445 2052 1445 2072 1381 2072 1381 2862
1300 2283 1300 2607 1164 2607 1164 2975
1651 2589 1651 2566 1892 2566 1892 2550
1473 2363 1473 2208 1423 2208 1423 2138
1254 2478 1254 2558 1813 2558 1813 2695
1613 2408 1613 2370 1286 2370 1286 2121
1256 2055 1256 2058 1439 2058 1439 2062
1197 2866 1197 2995 1543 2995 1543 3059
1512 2236 1512 2472 1420 2472 1420 3012
1109 2755 1109 2719 1911 2719 1911 2703
1853 2203 1853 2683 1742 2683 1742 2948
1352 3535 1352 3629 1113 3629 1113 3654
1816 3245 1816 3304 1174 3304 1174 3322
1200 3468 1200 3579 1219 3579 1219 3691
1133 3476 1133 3542 1822 3542 1822 3582
1174 4012 1174 4050 1446 4050 1446 4054
1192 3118 1192 3129 1812 3129 1812 3347
1164 3972 1164 3592 1839 3592 1839 3438
1881 3316 1881 3606 1478 3606 1478 3778
1982 4018 1982 4015 1591 4015 1591 4011
1247 3657 1247 3943 1919 3943 1919 3988
1378 4009 1378 3633 1549 3633 1549 3213
1794 3113 1794 3145 1880 3145 1880 3247
1944 3382 1944 3493 1776 3493 1776 3605
1564 3622 1564 3530 1837 3530 1837 3358
1713 3567 1713 3827 1612 3827 1612 3925
2031 3770 2031 3816 1634 3816 1634 3831
1075 3631 1075 3651 1798 3651 1798 3661
1959 4049 1959 3825 1805 3825 1805 3533
1608 3288 1608 3461 1077 3461 1077 3567
1654 3279 1654 3547 1599 3547 1599 3575
2002 3816 2002 3902 1439 3902 1439 3983
2856 419 2856 409 2822 409 2822 354
2762 964 2762 64 2996 64 2996 24
2785 895 2785 495 2344 495 2344 11
2183 645 2183 759 2972 759 2972 931
2706 325 2706 356 2444 356 2444 836
2934 317 2934 284 3035 284 3035 168
2277 142 2277 147 2364 147 2364 267
2759 970 2759 848 2475 848 2475 631
2537 218 2537 397 2613 397 2613 881
2861 275 2861 404 2366 404 2366 468
2854 932 2854 831 2492 831 2492 321
2521 1012 2521 884 2632 884 2632 379
3023 648 3023 532 2463 532 2463 407
2286 374 2286 294 2608 294 2608 164
2390 659 2390 760 2209 760 2209 806
2228 799 2228 59 2451 59 2451 34
3065 182 3065 202 2525 202 2525 214
3012 945 3012 821 2434 821 2434 643
2980 1011 2980 916 2912 916 2912 568
2774 542 2774 439 3071 439 3071 289
2892 950 2892 870 2891 870 2891 145
2934 1920 2934 1340 2298 1340 2298 1226
2531 1533 2531 1625 2822 1625 2822 1742
2678 1861 2678 1526 2774 1526 2774 1248
3024 1167 3024 1278 2199 1278 2199 1390
2744 1521 2744 1441 2739 1441 2739 1371
2163 1892 2163 1872 2841 1872 2841 1862
2717 1768 2717 1788 2932 1788 2932 1948
2137 1690 2137 1716 2523 1716 2523 1741
3042 1919 3042 1597 2570 1597 2570 1533
2270 1693 2270 1813 2110 1813 2110 1898
3004 1384 3004 1373 2295 1373 2295 1155
2805 1049 2805 1229 2579 1229 2579 1774
2423 1194 2423 1184 2334 1184 2334 1103
3028 1608 3028 1621 2685 1621 2685 1661
2782 1991 2782 1563 2728 1563 2728 1225
2731 1494 2731 1490 2814 1490 2814 1406
2723 1644 2723 1102 2696 1102 2696 1091
2138 1622 2138 1708 2798 1708 2798 1740
2252 1583 2252 1461 2463 1461 2463 1380
2386 1277 2386 1345 2202 1345 2202 1435
2147 1465 2147 1728 2239 1728 2239 1978
2259 2035 2259 1955 2920 1955 2920 1935
2272 1544 2272 1582 3038 1582 3038 1831
2783 2561 2783 2567 3004 2567 3004 2619
2160 2677 2160 2857 2085 2857 2085 2897
3028 2053 3028 2139 2999 2139 2999 2230
2056 2752 2056 2832 2887 2832 2887 2969
2709 3019 2709 2596 2805 2596 2805 2166
2323 2288 2323 2416 2367 2416 2367 2594
2132 2389 2132 2571 2645 2571 2645 2836
2103 2827 2103 2879 2527 2879 2527 3023
2453 2492 2453 2136 2561 2136 2561 2130
2326 2967 2326 2617 2723 2617 2723 2137
3009 2720 3009 2525 3001 2525 3001 2485
2557 2584 2557 2504 2686 2504 2686 2423
2718 2560 2718 2551 2869 2551 2869 2543
2460 2082 2460 2102 2213 2102 2213 2122
2156 2878 2156 2868 2293 2868 2293 2423
2347 2352 2347 2366 2557 2366 2557 2549
2730 2248 2730 2598 2070 2598 2070 2663
2675 2125 2675 2811 2371 2811 2371 3046
2678 2304 2678 2363 2078 2363 2078 2381
2300 2858 2300 2568 2905 2568 2905 2264
2398 3627 2398 3777 2074 3777 2074 3872
2685 3503 2685 3680 2566 3680 2566 3702
2425 3099 2425 3082 2200 3082 2200 3078
2750 3074 2750 3094 2470 3094 2470 3128
2395 4055 2395 3951 2131 3951 2131 3836
3067 4053 3067 3851 2422 3851 2422 3074
2994 3200 2994 3120 2129 3120 2129 3116
2128 3244 2128 3786 2106 3786 2106 4075
2622 3262 2622 3666 2378 3666 2378 4030
2935 3820 2935 3623 2281 3623 2281 3403
2834 3097 2834 3135 2099 3135 2099 3343
2051 3653 2051 3621 2266 3621 2266 3586
2052 3691 2052 3750 2454 3750 2454 3768
2903 3955 2903 3674 2192 3674 2192 3666
2409 4021 2409 3819 2922 3819 2922 3119
2393 3412 2393 3934 2827 3934 2827 4038
2492 3143 2492 3126 2314 3126 2314 3122
2394 3230 2394 3266 2105 3266 2105 3438
2977 4056 2977 3732 2477 3732 2477 3535
2400 3111 2400 3293 3058 3293 3058 3558
3421 237 3421 794 3782 794 3782 906
3678 597 3678 727 3918 727 3918 979
4051 821 4051 405 4018 405 4018 44
3480 207 3480 206 3626 206 3626 187
3291 392 3291 904 3248 904 3248 965
3891 143 3891 235 4081 235 4081 770
3114 438 3114 378 3885 378 3885 370
3979 474 3979 238 3165 238 3165 86
3931 568 3931 445 4026 445 4026 137
3870 701 3870 823 3547 823 3547 927
3864 451 3864 357 3550 357 3550 213
3625 585 3625 749 4091 749 4091 798
3788 531 3788 451 3234 451 3234 407
3989 479 3989 475 4087 475 4087 435
3476 908 3476 664 3582 664 3582 300
3761 394 3761 314 4081 314 4081 254
3914 157 3914 243 3764 243 3764 511
3682 618 3682 526 3339 526 3339 409
3309 224 3309 780 3779 780 3779 952
3433 50 3433 60 3922 60 3922 141
3758 423 3758 417 3165 417 3165 394
4037 655 4037 603 3497 603 3497 569
3096 1711 3096 2001 3713 2001 3713 2014
3138 1353 3138 1373 3882 1373 3882 1434
3757 1453 3757 1659 3148 1659 3148 1852
3654 1803 3654 1217 3445 1217 3445 1136
4061 1786 4061 1806 3469 1806 3469 1846
3535 1175 3535 1203 3603 1203 3603 1446
3939 1298 3939 1263 3348 1263 3348 1211
3784 1210 3784 1640 3317 1640 3317 1889
3705 1207 3705 1163 4020 1163 4020 1080
3425 1964 3425 1936 3324 1936 3324 1170
3770 1056 3770 1484 3190 1484 3190 1822
3695 1497 3695 1477 4038 1477 4038 1457
3258 1239 3258 1255 3510 1255 3510 1315
3818 1535 3818 1497 3591 1497 3591 1472
3832 1751 3832 1731 3656 1731 3656 1103
3474 1245 3474 1277 3917 1277 3917 1513
3365 1686 3365 1628 3796 1628 3796 1408
3467 1856 3467 1859 3808 1859 3808 1905
3365 1782 3365 1736 3990 1736 3990 1708
3573 2029 3573 1717 3098 1717 3098 1331
3450 2895 3450 2801 3557 2801 3557 2657
3082 2416 3082 2303 3076 2303 3076 2149
3776 3046 3776 2927 3872 2927 3872 2569
3518 2715 3518 2684 3556 2684 3556 2204
3961 2978 3961 2177 3779 2177 3779 2061
3871 2416 3871 2652 3345 2652 3345 2804
3910 2556 3910 2266 3202 2266 3202 2094
3253 2933 3253 2577 4057 2577 4057 2405
3415 2934 3415 3029 3490 3029 3490 3063
3535 2420 3535 2325 3620 2325 3620 2205
3246 2615 3246 2743 3119 2743 3119 2819
3943 3043 3943 3019 3586 3019 3586 2865
3448 2103 3448 2593 3784 2593 3784 2633
3467 2631 3467 2467 3254 2467 3254 2295
3431 2880 3431 2500 3964 2500 3964 2346
3286 2049 3286 2255 3471 2255 3471 2315
3762 2647 3762 2329 3907 2329 3907 2061
3279 2393 3279 2515 3905 2515 3905 3071
3860 2258 3860 2223 3232 2223 3232 2201
3243 2839 3243 2759 3490 2759 3490 2356
3328 3736 3328 3355 3377 3355 3377 3323
3550 3791 3550 3787 3892 3787 3892 3747
3910 3884 3910 3759 3586 3759 3586 3719
3723 3843 3723 3823 3508 3823 3508 3203
4005 3470 4005 3485 3860 3485 3860 3753
3490 3698 3490 3684 4083 3684 4083 3501
4027 3614 4027 3754 3161 3754 3161 3809
3248 3297 3248 3245 3229 3245 3229 3101
3929 3135 3929 3257 3351 3257 3351 3338
3409 4058 3409 3978 3657 3978 3657 3828
3666 3552 3666 3308 3158 3308 3158 3136
3365 3693 3365 3731 3360 3731 3360 3775
3935 3916 3935 3964 3353 3964 3353 4037
3352 3312 3352 3656 3347 3656 3347 3993
3948 3426 3948 3423 3541 3423 3541 3419
3262 3409 3262 3669 3936 3669 3936 3767
4013 4075 4013 3995 3241 3995 3241 3937
3171 3340 3171 3304 3280 3304 3280 3236
3233 3734 3233 3914 3358 3914 3358 3954
3540 3270 3540 3381 4081 3381 4081 3797
3997 3902 3997 3730 3244 3730 3244 3718
3246 3353 3246 3433 3178 3433 3178 3698
3408 3569 3408 3390 3310 3390 3310 3348
1872 974 1872 1054 1611 1054 1611 1066
615 1015 615 1016 1825 1016 1825 1025
1055 1015 1055 1019 1275 1019 1275 1037
1561 1010 1561 1017 1700 1017 1700 1057
910 988 910 1018 1399 1018 1399 1038
1801 2058 1801 2078 803 2078 803 2082
1657 2074 1657 2054 1682 2054 1682 2020
211 2059 211 2077 342 2077 342 2090
749 2035 749 2019 1025 2019 1025 1997
1157 2016 1157 2020 1672 2020 1672 2032
1440 3066 1440 3082 1076 3082 1076 3104
690 3049 690 3039 1306 3039 1306 3036
1272 3059 1272 3079 200 3079 200 3104
386 3037 386 3052 1702 3052 1702 3092
1239 3051 1239 3077 1891 3077 1891 3084
2632 984 2632 988 2161 988 2161 1000
1827 1020 1827 1040 2214 1040 2214 1047
2514 1010 2514 1011 1538 1011 1538 1015
1230 979 1230 1017 1292 1017 1292 1021
3001 993 3001 1013 1650 1013 1650 1020
2309 2078 2309 2058 1678 2058 1678 2051
1125 2083 1125 2073 2751 2073 2751 2057
1057 2034 1057 2014 2909 2014 2909 2007
1311 2035 1311 2044 1626 2044 1626 2072
1656 2092 1656 2068 1057 2068 1057 2003
1285 3073 1285 3063 2247 3063 2247 3047
2704 3069 2704 3065 1698 3065 1698 3025
2681 3048 2681 3068 1139 3068 1139 3102
2407 3039 2407 3042 1843 3042 1843 3046
2694 3046 2694 3049 1059 3049 1059 3053
2845 1036 2845 1037 2081 1037 2081 1041
3332 1061 3332 1041 2535 1041 2535 1029
2321 1011 2321 1031 3517 1031 3517 1056
2483 994 2483 995 3219 995 3219 1004
3633 1066 3633 1031 2189 1031 2189 1009
2709 2008 2709 2013 3853 2013 3853 2083
3602 2082 3602 2075 2416 2075 2416 2035
2310 2062 2310 2042 2633 2042 2633 2026
2804 2047 2804 2037 3155 2037 3155 2012
2853 2001 2853 2011 3904 2011 3904 2036
3477 3062 3477 3063 3130 3063
4000 3063 4000 3083 2438 3083 2438 3108
3042 3031 3042 3032 3897 3032 3897 3035
3541 3088 3541 3114 3921 3114 3921 3122
3714 3087 3714 3081 3049 3081 3049 3058
1011 1511 1011 1525 1050 1525 1050 1708
973 1956 973 1723 1006 1723 1006 915
1050 701 1050 590 1055 590 1055 112
1054 1130 1054 820 1019 820 1019 585
1011 233 1011 253 990 253 990 368
1034 1726 1034 1848 1067 1848 1067 2785
988 1324 988 1866 1074 1866 1074 2857
1026 1719 1026 1979 1023 1979 1023 2614
1022 1313 1022 1837 1074 1837 1074 3005
1070 2649 1070 2548 1033 2548 1033 1326
990 2607 990 2637 1065 2637 1065 3164
1033 2880 1033 2860 1070 2860 1070 2556
1074 2329 1074 2309 976 2309 976 2289
1073 3920 1073 3546 1003 3546 1003 3374
1000 3715 1000 3795 1009 3795 1009 3820
2036 1242 2036 1545 2079 1545 2079 1829
2032 12 2032 140 2073 140 2073 223
2048 1534 2048 1109 2035 1109 2035 913
2045 1766 2045 1548 2046 1548 2046 869
2081 401 2081 421 2038 421 2038 455
2050 2125 2050 1370 2090 1370 2090 1330
2065 2060 2065 2134 2029 2134 2029 2509
2059 1986 2059 1958 2054 1958 2054 1715
2063 1893 2063 1988 2052 1988 2052 2538
2002 2695 2002 1645 2049 1645 2049 1209
2035 4062 2035 4033 2060 4033 2060 3959
2030 3148 2030 3498 2095 3498 2095 3527
2057 2403 2057 3309 1997 3309 1997 3526
2054 3265 2054 3269 2053 3269 2053 3287
2062 2301 2062 3342 2034 3342 2034 3758
3112 961 3112 545 3081 545 3081 139
3057 128 3057 330 3030 330 3030 1030
3076 995 3076 1399 3022 1399 3022 1507
3067 816 3067 1978 3122 1978 3122 1979
3076 932 3076 931 3042 931 3042 928
3082 2794 3082 2264 3094 2264 3094 1769
3079 1192 3079 1320 3044 1320 3044 1614
3093 1701 3093 2217 3024 2217 3024 3029
3044 2468 3044 2469 3087 2469
3040 1764 3040 1779 3051 1779 3051 2047
3110 2388 3110 2556 3086 2556 3086 2632
3026 3567 3026 2551 3088 2551 3088 2115
3102 3477 3102 3881 3107 3881 3107 3989
3100 2275 3100 2553 3110 2553 3110 2593
3104 3050 3104 2947 3091 2947 3091 2797
1112 3180 1112 3171 3899 3171 3899 2551
2737 3176 2737 2282 713 2282 713 693
2367 3052 2367 1937 3296 1937 3296 1787
3627 1315 3627 2599 3241 2599 3241 2862
55 2795 55 2370 206 2370 206 2160
3879 650 3879 772 589 772 589 3927
1617 3330 1617 1962 975 1962 975 1559
1430 2324 1430 1320 3749 1320 3749 728
1820 3580 1820 3524 3638 3524 3638 496
1196 1259 1196 1279 773 1279 773 2555
171 1452 171 2273 1206 2273 1206 2415
3203 4046 3203 3864 78 3864 78 3803
2759 2655 2759 2621 3478 2621 3478 2609
172 1970 172 1389 1028 1389 1028 1121
1463 727 1463 1317 1412 1317 1412 1792
2007 306 2007 178 1442 178 1442 102
3774 469 3774 521 2331 521 2331 770
1772 188 1772 741 1032 741 1032 1051
1613 2630 1613 3494 2861 3494 2861 3706
882 3434 882 1054 1645 1054 1645 559
1946 3223 1946 2681 2043 2681 2043 1909
497 1209 497 1337 2460 1337 2460 3108
1443 2812 1443 2438 2508 2438 2508 2266
475 1124 475 3028 205 3028 205 3177
3080 2955 3080 2767 2441 2767 2441 1319
2496 1556 2496 3014 2900 3014 2900 3102
2366 137 2366 136 230 136 230 132
2073 1819 2073 1839 1479 1839 1479 3439
1859 1008 1859 1013 3797 1013 3797 1133
1192 83 1192 163 3003 163 3003 223
3598 3620 3598 1004 3809 1004 3809 651
1319 44 1319 810 3041 810 3041 978
2763 1663 2763 1562 3129 1562 3129 1052
315 2844 315 2290 1847 2290 1847 1982
3366 2671 3366 1534 2692 1534 2692 1208
3186 2334 3186 2210 3713 2210 3713 1730
3252 979 3252 422 2363 422 2363 310
3397 1224 3397 1168 1431 1168 1431 710
2727 3185 2727 3153 2780 3153 2780 2381
3962 3545 3962 2310 1778 2310 1778 2078
2403 2662 2403 2938 1984 2938 1984 3731
2898 3623 2898 2441 1922 2441 1922 2025
2307 371 2307 2705 3007 2705 3007 3733
52 3112 52 2678 1877 2678 1877 1906
3694 2225 3694 2199 1633 2199 1633 2191
3009 1487 3009 711 174 711 174 708
881 2751 881 2083 2688 2083 2688 807
101 2053 101 2419 3737 2419 3737 2531
2986 320 2986 102 505 102 505 21
3551 822 3551 1189 3847 1189 3847 1559
2779 1678 2779 976 2667 976 2667 141
3881 1847 3881 4051 432 4051 432 4063
721 3358 721 2500 2993 2500 2993 119
3813 885 3813 1956 2873 1956 2873 3592
2878 1668 2878 3191 3957 3191 3957 3627
1947 3941 1947 3897 1353 3897 1353 3433
1896 914 1896 940 2863 940 2863 2036
2180 686 2180 922 230 922 230 1268
2119 1291 2119 2387 3507 2387 3507 3753
1838 3539 1838 3688 1990 3688 1990 3976
577 563 577 889 2903 889 2903 2984
1157 3750 1157 970 966 970 966 811
1742 447 1742 367 529 367 529 323
3939 3149 3939 1169 2767 1169 2767 529
1278 429 1278 1559 2664 1559 2664 2487
2766 675 2766 2099 2937 2099 2937 3321
2539 1442 2539 2932 3230 2932 3230 3200
1274 3689 1274 261 49 261 49 93
986 2054 986 638 3897 638 3897 160
1666 490 1666 3095 569 3095 569 3345
2005 162 2005 242 1909 242 1909 862
1952 3031 1952 2591 627 2591 627 2441
1638 3654 1638 3276 381 3276 381 1303
1880 990 1880 2495 1553 2495 1553 2615
934 1925 934 1881 1007 1881 1007 1671
570 1430 570 1370 1271 1370 1271 1345
1794 653 1794 1309 1538 1309 1538 1422
330 138 330 377 747 377 747 3355
1918 3738 1918 2241 775 2241 775 929
278 3184 278 2226 354 2226 354 1407
109 3708 109 2728 1781 2728 1781 2613
96 3301 96 2552 320 2552 320 304
488 3599 488 3603 1664 3603 1664 3607
426 3669 426 2049 1051 2049 1051 1309
295 236 295 265 665 265 665 545
1169 1769 1169 1764 531 1764 531 1394
1829 2914 1829 2786 477 2786 477 1078
1652 1701 1652 2411 681 2411 681 2992
1604 2119 1604 593 1028 593 1028 217
1650 3861 1650 3445 1328 3445 1328 1943
530 2226 530 2524 790 2524 790 3379
587 818 587 2816 327 2816 327 2892
116 991 116 2388 974 2388 974 3788
1173 4065 1173 2920 1148 2920 1148 2220
1081 3880 1081 1557 989 1557 989 1469
681 3674 681 1800 960 1800 960 932
1842 3857 1842 2545 1788 2545 1788 859
353 3030 353 2795 1206 2795 1206 2689
771 1228 771 2398 702 2398 702 3593
1740 2653 1740 2599 417 2599 417 1760
167 2999 167 1947 831 1947 831 895
631 941 631 1273 1653 1273 1653 1655
786 4069 786 3977 265 3977 265 3917
72 3526 72 3236 1144 3236 1144 2819
562 3145 562 2855 1791 2855 1791 2535
1774 2705 1774 3445 1889 3445 1889 3737
1325 3304 1325 3804 755 3804 755 3839
1837 2998 1837 2906 1391 2906 1391 2314
1374 3108 1374 3098 157 3098 157 2926
1593 3104 1593 2688 2040 2688 2040 2282
559 2897 559 3366 738 3366 738 3844
126 2433 126 2423 1307 2423 1307 2363
741 3774 741 3769 1777 3769 1777 3749
1526 2135 1526 2515 1729 2515 1729 3915
633 2546 633 2626 1869 2626 1869 3596
1899 3150 1899 3070 1854 3070 1854 2065
402 2323 402 3324 1289 3324 1289 3796
1515 2118 1515 2666 1989 2666 1989 3030
1930 3366 1930 3286 108 3286 108 3282
208 2499 208 2509 69 2509 69 2525
325 2231 325 2249 657 2249 657 2397
1540 2313 1540 2261 967 2261 967 2257
1411 2999 1411 2990 598 2990 598 2956
588 2235 588 2227 1412 2227 1412 2223
839 2495 839 2431 881 2431 881 2379
1065 2089 1065 2679 1350 2679 1350 2799
1115 2322 1115 2314 625 2314 625 2310
431 2260 431 2168 138 2168 138 2128
618 2153 618 2188 509 2188 509 2438
473 2405 473 2275 1661 2275 1661 2214
797 2459 797 2271 762 2271 762 2050
881 2462 881 2400 1350 2400 1350 2384
1489 2478 1489 2350 1294 2350 1294 2056
1476 2453 1476 2395 1148 2395 1148 2175
1331 2167 1331 2205 1153 2205 1153 2293
1712 2523 1712 2455 1827 2455 1827 2049
1167 2127 1167 2207 1932 2207 1932 2232
1955 2200 1955 2230 1859 2230 1859 2250
1759 2060 1759 2106 1661 2106 1661 2182
1896 2074 1896 2080 1740 2080 1740 2132
1545 2082 1545 2086 1760 2086 1760 2258
1384 2242 1384 2091 1098 2091 1098 2069
1478 2227 1478 2228 1603 2228 1603 2237
1361 2206 1361 2241 1174 2241 1174 2301
1036 2287 1036 2267 1835 2267 1835 2247
1762 2213 1762 2233 1156 2233 1156 2294
1156 2199 1156 2251 1065 2251 1065 2285
1247 2203 1247 2194 1374 2194 1374 2186
1033 2203 1033 2204 1270 2204 1270 2213
1229 2210 1229 2220 1125 2220 1125 2224
1401 2216 1401 2215 1074 2215 1074 2196
1419 2198 1419 2224 1336 2224 1336 2232
1492 2230 1492 2210 1333 2210 1333 2206
1172 2176 1172 2185 1107 2185 1107 2213
1456 2193 1456 2195 1172 2195 1172 2211
1216 2222 1216 2212 1393 2212 1393 2209
1118 2181 1118 2183 1085 2183 1085 2184
1436 2229 1436 2205 1435 2205 1435 2201
1371 2184 1371 2193 1432 2193 1432 2227
1359 2214 1359 2225 1511 2225 1511 2237
1283 2233 1283 2232 1398 2232 1398 2228
1290 2199 1290 2195 1310 2195 1310 2177
