4096 4096
595
44 234 94 234 94 673 602 673
985 224 441 224 441 208
618 922 549 922 549 240 475 240
589 527 542 527 542 432 413 432
389 643 556 643 556 1021 818 1021
253 17 236 17 236 505 47 505
409 693 215 693 215 387 184 387
1021 418 938 418 938 311 694 311
372 54 656 54 656 212 783 212
615 501 610 501 610 424 597 424
160 809 282 809 282 447 481 447
157 985 157 925 778 925 778 726
309 829 309 327 386 327 386 98
255 695 255 745 210 745 210 757
78 100 693 100 693 327 880 327
843 951 823 951 823 126 776 126
715 857 457 857 457 771
678 677 631 677 631 524 502 524
703 392 656 392 656 580 607 580
458 619 773 619 773 815 982 815
423 471 726 471 726 919 845 919
798 273 424 273 424 677 129 677
830 216 255 216 255 108 118 108
433 1558 320 1558 320 1944 235 1944
900 1538 671 1538 671 1952 314 1952
513 1415 478 1415 478 1521 325 1521
471 1216 560 1216 560 1109 616 1109
364 1582 693 1582 693 1686 769 1686
322 1331 227 1331 227 1821 153 1821
1000 1374 913 1374 913 1108 464 1108
202 2009 711 2009 711 1612 841 1612
536 1284 527 1284 527 1900 306 1900
616 1808 671 1808 671 1467 932 1467
550 2036 411 2036 411 1458 324 1458
248 1083 691 1083 691 1857 997 1857
709 1561 461 1561 461 1175 160 1175
253 1031 257 1031 257 1346 266 1346
802 1478 359 1478 359 1781 318 1781
137 1056 516 1056 516 1236 531 1236
305 1195 282 1195 282 1113 137 1113
924 1286 569 1286 569 1917 506 1917
228 1829 362 1829 362 1679 761 1679
529 1572 304 1572 304 1636 266 1636
227 1457 366 1457 366 1933 453 1933
206 1828 445 1828 445 1972 494 1972
274 1339 55 1339 55 1843 36 1843
797 3015 345 3015 345 3050 276 3050
780 2444 803 2444 803 2687 864 2687
588 2655 588 2623 911 2623 911 2487
762 2788 640 2788 640 2502 441 2502
103 2076 152 2076 152 2912 777 2912
345 2672 224 2672 224 2379 163 2379
798 2098 720 2098 720 2988 701 2988
992 2732 720 2732 720 2108 709 2108
409 2811 579 2811 579 2629 892 2629
551 2449 456 2449 456 2559 382 2559
725 2106 428 2106 428 2460 427 2460
279 2339 470 2339 470 2190 527 2190
595 2565 396 2565 396 2231 293 2231
873 2111 279 2111 279 2819 98 2819
813 2862 434 2862 434 3059 419 3059
742 2515 789 2515 789 2472 830 2472
185 2962 166 2962 166 2215 160 2215
37 2226 574 2226 574 2246 844 2246
1011 2773 922 2773 922 2898 441 2898
197 2180 211 2180 211 2921 562 2921
728 3772 289 3772 289 3721 108 3721
901 3629 502 3629 502 3225 486 3225
347 3402 261 3402 261 3832 104 3832
802 3847 770 3847 770 3566 595 3566
121 3469 168 3469 168 3959 385 3959
970 4019 615 4019 615 3268 476 3268
134 3351 668 3351 668 3356 949 3356
807 3736 223 3736 223 3411 36 3411
450 3793 497 3793 497 3249 804 3249
162 3199 251 3199 251 3757 276 3757
475 3525 484 3525 484 3599 489 3599
343 3580 670 3580 670 3289 857 3289
631 4022 496 4022 496 4058 15 4058
386 4017 167 4017 167 3407 36 3407
836 3616 690 3616 690 3227 603 3227
267 3714 683 3714 683 3432 728 3432
550 3532 175 3532 175 3354 81 3354
691 3352 746 3352 746 3500 849 3500
296 3946 411 3946 411 3233 565 3233
821 3541 836 3541 836 3951 885 3951
1002 3474 647 3474 647 3385 430 3385
502 3771 413 3771 413 3887 67 3887
1222 958 1240 958 1240 715 1539 715
1647 347 1712 347 1712 998 1769 998
1217 340 1212 340 1212 144 1208 144
1471 651 1469 651 1469 363 1450 363
1465 201 1450 201 1450 979 1448 979
1367 880 1427 880 1427 155 1523 155
1356 456 1213 456 1213 460 1117 460
1295 177 1500 177 1500 922 1701 922
1692 630 1692 550 1680 550 1680 454
1633 662 1520 662 1520 846 1435 846
1525 457 1082 457 1082 873 1041 873
2004 927 1765 927 1765 905 1284 905
1109 946 1187 946 1187 953 1420 953
1642 768 1442 768 1442 133 1179 133
1866 977 1691 977 1691 803 1538 803
1123 244 1352 244 1352 62 1658 62
1442 124 1477 124 1477 946 1583 946
1712 299 1513 299 1513 55 1452 55
1982 76 1667 76 1667 674 1458 674
1862 481 1957 481 1957 173 2031 173
1546 683 1548 683 1548 763 1552 763
1570 1480 1575 1480 1575 1619 1576 1619
1254 1145 1171 1145 1171 1343 1145 1343
1178 1894 1261 1894 1261 1829 1280 1829
1882 1973 1962 1973 1962 1067 2003 1067
1061 1390 1140 1390 1140 1914 1141 1914
1935 1371 1801 1371 1801 1068 1392 1068
1278 1079 1261 1079 1261 1683 1239 1683
1349 1846 1313 1846 1313 1635 1306 1635
1375 1323 1360 1323 1360 1618 1343 1618
1372 1202 1584 1202 1584 1030 1645 1030
1333 2034 1330 2034 1330 1639 1329 1639
1062 1688 1391 1688 1391 1628 1467 1628
1381 1337 1716 1337 1716 1366 1825 1366
1405 1602 1436 1602 1436 2000 1869 2000
2037 1356 1862 1356 1862 1059 1843 1059
1623 1309 1702 1309 1702 1813 1847 1813
2018 1848 2041 1848 2041 1607 2046 1607
1650 1508 1283 1508 1283 1053 1082 1053
1647 1043 1746 1043 1746 1374 1924 1374
1223 1270 1366 1270 1366 1655 1415 1655
1568 2041 1928 2041 1928 1693 1997 1693
1050 2881 1641 2881 1641 2764 1954 2764
1768 2817 1337 2817 1337 2104 1312 2104
1301 2278 1387 2278 1387 2665 1490 2665
1784 3067 1765 3067 1765 2344 1684 2344
1844 2494 1844 2444 2023 2444 2023 2167
1251 2220 1338 2220 1338 2152 1543 2152
1632 2409 1624 2409 1624 2662 1175 2662
1577 2167 1526 2167 1526 2340 1045 2340
1562 2910 1801 2910 1801 2434 1976 2434
1517 3018 1278 3018 1278 2776 1149 2776
1206 2667 1898 2667 1898 2121
1402 2743 1324 2743 1324 2622 1305 2622
1445 2052 1430 2052 1430 2862 1381 2862
1300 2283 1285 2283 1285 2975 1164 2975
1651 2589 1788 2589 1788 2550 1892 2550
1473 2363 1454 2363 1454 2138 1423 2138
1254 2478 1505 2478 1505 2695 1813 2695
1613 2408 1530 2408 1530 2121 1286 2121
1256 2055 1321 2055 1321 2062 1439 2062
1197 2866 1478 2866 1478 3059 1543 3059
1512 2236 1457 2236 1457 3012 1420 3012
1109 2755 1724 2755 1724 2703 1911 2703
1853 2203 1851 2203 1851 2948 1742 2948
1352 3535 1209 3535 1209 3654 1113 3654
1816 3245 1816 3319 1174 3319 1174 3322
1200 3468 1213 3468 1213 3691 1219 3691
1133 3476 1332 3476 1332 3582 1822 3582
1174 4012 1189 4012 1189 4054 1446 4054
1192 3118 1631 3118 1631 3347 1812 3347
1164 3972 1358 3972 1358 3438 1839 3438
1881 3316 1721 3316 1721 3778 1478 3778
1982 4018 1950 4018 1950 4011 1591 4011
1247 3657 1774 3657 1774 3988 1919 3988
1378 4009 1410 4009 1410 3213 1549 3213
1794 3113 1873 3113 1873 3247 1880 3247
1944 3382 1921 3382 1921 3605 1776 3605
1564 3622 1776 3622 1776 3358 1837 3358
1713 3567 1660 3567 1660 3925 1612 3925
2031 3770 1704 3770 1704 3831 1634 3831
1075 3631 1212 3631 1212 3661 1798 3661
1959 4049 1824 4049 1824 3533 1805 3533
1608 3288 1207 3288 1207 3567 1077 3567
1654 3279 1640 3279 1640 3575 1599 3575
2002 3816 1696 3816 1696 3983 1439 3983
2856 419 2841 419 2841 354 2822 354
2762 964 2857 964 2857 24 2996 24
2785 895 2699 895 2699 11 2344 11
2183 645 2671 645 2671 931 2972 931
2706 325 2706 777 2444 777 2444 836
2934 317 2987 317 2987 168 3035 168
2277 142 2279 142 2279 267 2364 267
2759 970 2676 970 2676 631 2475 631
2537 218 2588 218 2588 881 2613 881
2861 275 2847 275 2847 468 2366 468
2854 932 2539 932 2539 321 2492 321
2521 1012 2523 1012 2523 379 2632 379
3023 648 2944 648 2944 407 2463 407
2286 374 2295 374 2295 164 2608 164
2390 659 2240 659 2240 806 2209 806
2228 799 2379 799 2379 34 2451 34
3065 182 3006 182 3006 214 2525 214
3012 945 2997 945 2997 643 2434 643
2980 1011 2965 1011 2965 568 2912 568
2774 542 2887 542 2887 289 3071 289
2892 950 2891 950 2891 145
2934 1920 2311 1920 2311 1226 2298 1226
2531 1533 2531 1742 2822 1742
2678 1861 2725 1861 2725 1248 2774 1248
3024 1167 2680 1167 2680 1390 2199 1390
2744 1521 2740 1521 2740 1371 2739 1371
2163 1892 2528 1892 2528 1862 2841 1862
2717 1768 2796 1768 2796 1948 2932 1948
2137 1690 2230 1690 2230 1741 2523 1741
3042 1919 2995 1919 2995 1533 2570 1533
2270 1693 2191 1693 2191 1898 2110 1898
3004 1384 2693 1384 2693 1155 2295 1155
2805 1049 2666 1049 2666 1774 2579 1774
2423 1194 2382 1194 2382 1103 2334 1103
3028 1608 2942 1608 2942 1661 2685 1661
2782 1991 2777 1991 2777 1225 2728 1225
2731 1494 2798 1494 2798 1406 2814 1406
2723 1644 2718 1644 2718 1091 2696 1091
2138 1622 2317 1622 2317 1740 2798 1740
2252 1583 2344 1583 2344 1380 2463 1380
2386 1277 2331 1277 2331 1435 2202 1435
2147 1465 2202 1465 2202 1978 2239 1978
2259 2035 2574 2035 2574 1935 2920 1935
2272 1544 2517 1544 2517 1831 3038 1831
2783 2561 2917 2561 2917 2619 3004 2619
2160 2677 2116 2677 2116 2897 2085 2897
3028 2053 3026 2053 3026 2230 2999 2230
2056 2752 2709 2752 2709 2969 2887 2969
2709 3019 2756 3019 2756 2166 2805 2166
2323 2288 2326 2288 2326 2594 2367 2594
2132 2389 2164 2389 2164 2836 2645 2836
2103 2827 2302 2827 2302 3023 2527 3023
2453 2492 2512 2492 2512 2130 2561 2130
2326 2967 2653 2967 2653 2137 2723 2137
3009 2720 3002 2720 3002 2485 3001 2485
2557 2584 2679 2584 2679 2423 2686 2423
2718 2560 2766 2560 2766 2543 2869 2543
2460 2082 2352 2082 2352 2122 2213 2122
2156 2878 2166 2878 2166 2423 2293 2423
2347 2352 2496 2352 2496 2549 2557 2549
2730 2248 2551 2248 2551 2663 2070 2663
2675 2125 2548 2125 2548 3046 2371 3046
2678 2304 2559 2304 2559 2381 2078 2381
2300 2858 2864 2858 2864 2264 2905 2264
2398 3627 2231 3627 2231 3872 2074 3872
2685 3503 2585 3503 2585 3702 2566 3702
2425 3099 2231 3099 2231 3078 2200 3078
2750 3074 2671 3074 2671 3128 2470 3128
2395 4055 2348 4055 2348 3836 2131 3836
3067 4053 2558 4053 2558 3074 2422 3074
2994 3200 2540 3200 2540 3116 2129 3116
2128 3244 2125 3244 2125 4075 2106 4075
2622 3262 2435 3262 2435 4030 2378 4030
2935 3820 2852 3820 2852 3403 2281 3403
2834 3097 2160 3097 2160 3343 2099 3343
2051 3653 2130 3653 2130 3586 2266 3586
2052 3691 2273 3691 2273 3768 2454 3768
2903 3955 2295 3955 2295 3666 2192 3666
2409 4021 2441 4021 2441 3119 2922 3119
2393 3412 2584 3412 2584 4038 2827 4038
2492 3143 2451 3143 2451 3122 2314 3122
2394 3230 2379 3230 2379 3438 2105 3438
2977 4056 2758 4056 2758 3535 2477 3535
2400 3111 2717 3111 2717 3558 3058 3558
3421 237 3586 237 3586 906 3782 906
3678 597 3917 597 3917 979 3918 979
4051 821 4037 821 4037 44 4018 44
3480 207 3567 207 3567 187 3626 187
3291 392 3255 392 3255 965 3248 965
3891 143 3980 143 3980 770 4081 770
3114 438 3698 438 3698 370 3885 370
3979 474 3866 474 3866 86 3165 86
3931 568 4020 568 4020 137 4026 137
3870 701 3838 701 3838 927 3547 927
3864 451 3823 451 3823 213 3550 213
3625 585 4004 585 4004 798 4091 798
3788 531 3689 531 3689 407 3234 407
3989 479 4026 479 4026 435 4087 435
3476 908 3569 908 3569 300 3582 300
3761 394 3840 394 3840 254 4081 254
3914 157 3795 157 3795 511 3764 511
3682 618 3596 618 3596 409 3339 409
3309 224 3438 224 3438 952 3779 952
3433 50 3804 50 3804 141 3922 141
3758 423 3427 423 3427 394 3165 394
4037 655 3978 655 3978 569 3497 569
3096 1711 3620 1711 3620 2014 3713 2014
3138 1353 3329 1353 3329 1434 3882 1434
3757 1453 3755 1453 3755 1852 3148 1852
3654 1803 3508 1803 3508 1136 3445 1136
4061 1786 3726 1786 3726 1846 3469 1846
3535 1175 3550 1175 3550 1446 3603 1446
3939 1298 3757 1298 3757 1211 3348 1211
3784 1210 3585 1210 3585 1889 3317 1889
3705 1207 3854 1207 3854 1080 4020 1080
3425 1964 3372 1964 3372 1170 3324 1170
3770 1056 3391 1056 3391 1822 3190 1822
3695 1497 3781 1497 3781 1457 4038 1457
3258 1239 3281 1239 3281 1315 3510 1315
3818 1535 3795 1535 3795 1472 3591 1472
3832 1751 3785 1751 3785 1103 3656 1103
3474 1245 3662 1245 3662 1513 3917 1513
3365 1686 3693 1686 3693 1408 3796 1408
3467 1856 3503 1856 3503 1905 3808 1905
3365 1782 3959 1782 3959 1708 3990 1708
3573 2029 3104 2029 3104 1331 3098 1331
3450 2895 3465 2895 3465 2657 3557 2657
3082 2416 3077 2416 3077 2149 3076 2149
3776 3046 3823 3046 3823 2569 3872 2569
3518 2715 3531 2715 3531 2204 3556 2204
3961 2978 3840 2978 3840 2061 3779 2061
3871 2416 3646 2416 3646 2804 3345 2804
3910 2556 3863 2556 3863 2094 3202 2094
3253 2933 3876 2933 3876 2405 4057 2405
3415 2934 3459 2934 3459 3063 3490 3063
3535 2420 3584 2420 3584 2205 3620 2205
3246 2615 3142 2615 3142 2819 3119 2819
3943 3043 3605 3043 3605 2865 3586 2865
3448 2103 3639 2103 3639 2633 3784 2633
3467 2631 3384 2631 3384 2295 3254 2295
3431 2880 3565 2880 3565 2346 3964 2346
3286 2049 3325 2049 3325 2315 3471 2315
3762 2647 3851 2647 3851 2061 3907 2061
3279 2393 3698 2393 3698 3071 3905 3071
3860 2258 3505 2258 3505 2201 3232 2201
3243 2839 3351 2839 3351 2356 3490 2356
3328 3736 3365 3736 3365 3323 3377 3323
3550 3791 3753 3791 3753 3747 3892 3747
3910 3884 3743 3884 3743 3719 3586 3719
3723 3843 3644 3843 3644 3203 3508 3203
4005 3470 3916 3470 3916 3753 3860 3753
3490 3698 3821 3698 3821 3501 4083 3501
4027 3614 3930 3614 3930 3809 3161 3809
3248 3297 3235 3297 3235 3101 3229 3101
3929 3135 3914 3135 3914 3338 3351 3338
3409 4058 3600 4058 3600 3828 3657 3828
3666 3552 3435 3552 3435 3136 3158 3136
3365 3693 3361 3693 3361 3775 3360 3775
3935 3916 3372 3916 3372 4037 3353 4037
3352 3312 3348 3312 3348 3993 3347 3993
3948 3426 3835 3426 3835 3419 3541 3419
3262 3409 3311 3409 3311 3767 3936 3767
4013 4075 3534 4075 3534 3937 3241 3937
3171 3340 3254 3340 3254 3236 3280 3236
3233 3734 3327 3734 3327 3954 3358 3954
3540 3270 3893 3270 3893 3797 4081 3797
3997 3902 3851 3902 3851 3718 3244 3718
3246 3353 3231 3353 3231 3698 3178 3698
3408 3569 3371 3569 3371 3348 3310 3348
1872 974 1696 974 1696 1066 1611 1066
615 1015 1784 1015 1784 1025 1825 1025
1055 1015 1234 1015 1234 1037 1275 1037
1561 1010 1625 1010 1625 1057 1700 1057
910 988 1281 988 1281 1038 1399 1038
1801 2058 1396 2058 1396 2082 803 2082
1657 2074 1676 2074 1676 2020 1682 2020
211 2059 264 2059 264 2090 342 2090
749 2035 988 2035 988 1997 1025 1997
1157 2016 1586 2016 1586 2032 1672 2032
1440 3066 1137 3066 1137 3104 1076 3104
690 3049 825 3049 825 3036 1306 3036
1272 3059 649 3059 649 3104 200 3104
386 3037 1361 3037 1361 3092 1702 3092
1239 3051 1610 3051 1610 3084 1891 3084
2632 984 2591 984 2591 1000 2161 1000
1827 1020 1949 1020 1949 1047 2214 1047
2514 1010 2083 1010 2083 1015 1538 1015
1230 979 1235 979 1235 1021 1292 1021
3001 993 2908 993 2908 1020 1650 1020
2309 2078 2040 2078 2040 2051 1678 2051
1125 2083 2612 2083 2612 2057 2751 2057
1057 2034 1720 2034 1720 2007 2909 2007
1311 2035 1460 2035 1460 2072 1626 2072
1656 2092 1249 2092 1249 2003 1057 2003
1285 3073 2212 3073 2212 3047 2247 3047
2704 3069 2127 3069 2127 3025 1698 3025
2681 3048 1326 3048 1326 3102 1139 3102
2407 3039 2372 3039 2372 3046 1843 3046
2694 3046 1630 3046 1630 3053 1059 3053
2845 1036 2810 1036 2810 1041 2081 1041
3332 1061 3248 1061 3248 1029 2535 1029
2321 1011 2468 1011 2468 1056 3517 1056
2483 994 2722 994 2722 1004 3219 1004
3633 1066 2746 1066 2746 1009 2189 1009
2709 2008 3636 2008 3636 2083 3853 2083
3602 2082 3271 2082 3271 2035 2416 2035
2310 2062 2342 2062 2342 2026 2633 2026
2804 2047 3133 2047 3133 2012 3155 2012
2853 2001 3716 2001 3716 2036 3904 2036
3477 3062 3210 3062 3210 3063 3130 3063
4000 3063 3491 3063 3491 3108 2438 3108
3042 3031 3416 3031 3416 3035 3897 3035
3541 3088 3820 3088 3820 3122 3921 3122
3714 3087 3530 3087 3530 3058 3049 3058
1011 1511 1028 1511 1028 1708 1050 1708
973 1956 987 1956 987 915 1006 915
1050 701 1054 701 1054 112 1055 112
1054 1130 1045 1130 1045 585 1019 585
1011 233 1009 233 1009 368 990 368
1034 1726 1048 1726 1048 2785 1067 2785
988 1324 1067 1324 1067 2857 1074 2857
1026 1719 1024 1719 1024 2614 1023 2614
1022 1313 1065 1313 1065 3005 1074 3005
1070 2649 1068 2649 1068 1326 1033 1326
990 2607 1034 2607 1034 3164 1065 3164
1033 2880 1035 2880 1035 2556 1070 2556
1074 2329 1037 2329 1037 2289 976 2289
1073 3920 1064 3920 1064 3374 1003 3374
1000 3715 1005 3715 1005 3820 1009 3820
2036 1242 2072 1242 2072 1829 2079 1829
2032 12 2043 12 2043 223 2073 223
2048 1534 2044 1534 2044 913 2035 913
2045 1766 2046 1766 2046 869
2081 401 2045 401 2045 455 2038 455
2050 2125 2089 2125 2089 1330 2090 1330
2065 2060 2042 2060 2042 2509 2029 2509
2059 1986 2055 1986 2055 1715 2054 1715
2063 1893 2060 1893 2060 2538 2052 2538
2002 2695 2037 2695 2037 1209 2049 1209
2035 4062 2054 4062 2054 3959 2060 3959
2030 3148 2034 3148 2034 3527 2095 3527
2057 2403 1998 2403 1998 3526 1997 3526
2054 3265 2053 3265 2053 3287
2062 2301 2039 2301 2039 3758 2034 3758
3112 961 3107 961 3107 139 3081 139
3057 128 3052 128 3052 1030 3030 1030
3076 995 3071 995 3071 1507 3022 1507
3067 816 3081 816 3081 1979 3122 1979
3076 932 3061 932 3061 928 3042 928
3082 2794 3093 2794 3093 1769 3094 1769
3079 1192 3070 1192 3070 1614 3044 1614
3093 1701 3061 1701 3061 3029 3024 3029
3044 2468 3080 2468 3080 2469 3087 2469
3040 1764 3043 1764 3043 2047 3051 2047
3110 2388 3087 2388 3087 2632 3086 2632
3026 3567 3031 3567 3031 2115 3088 2115
3102 3477 3106 3477 3106 3989 3107 3989
3100 2275 3109 2275 3109 2593 3110 2593
3104 3050 3100 3050 3100 2797 3091 2797
1112 3180 2269 3180 2269 2551 3899 2551
2737 3176 842 3176 842 693 713 693
2367 3052 2595 3052 2595 1787 3296 1787
3627 1315 3534 1315 3534 2862 3241 2862
55 2795 103 2795 103 2160 206 2160
3879 650 930 650 930 3927 589 3927
1617 3330 1174 3330 1174 1559 975 1559
1430 2324 2923 2324 2923 728 3749 728
1820 3580 3085 3580 3085 496 3638 496
1196 1259 1020 1259 1020 2555 773 2555
171 1452 410 1452 410 2415 1206 2415
3203 4046 1359 4046 1359 3803 78 3803
2759 2655 3106 2655 3106 2609 3478 2609
172 1970 187 1970 187 1121 1028 1121
1463 727 1431 727 1431 1792 1412 1792
2007 306 1868 306 1868 102 1442 102
3774 469 3328 469 3328 770 2331 770
1772 188 1733 188 1733 1051 1032 1051
1613 2630 2332 2630 2332 3706 2861 3706
882 3434 1619 3434 1619 559 1645 559
1946 3223 2024 3223 2024 1909 2043 1909
497 1209 696 1209 696 3108 2460 3108
1443 2812 1952 2812 1952 2266 2508 2266
475 1124 416 1124 416 3177 205 3177
3080 2955 2571 2955 2571 1319 2441 1319
2496 1556 2751 1556 2751 3102 2900 3102
2366 137 1791 137 1791 132 230 132
2073 1819 1960 1819 1960 3439 1479 3439
1859 1008 2860 1008 2860 1133 3797 1133
1192 83 2426 83 2426 223 3003 223
3598 3620 3690 3620 3690 651 3809 651
1319 44 2560 44 2560 978 3041 978
2763 1663 2828 1663 2828 1052 3129 1052
315 2844 1326 2844 1326 1982 1847 1982
3366 2671 3317 2671 3317 1208 2692 1208
3186 2334 3439 2334 3439 1730 3713 1730
3252 979 2767 979 2767 310 2363 310
3397 1224 2692 1224 2692 710 1431 710
2727 3185 2767 3185 2767 2381 2780 2381
3962 3545 2931 3545 2931 2078 1778 2078
2403 2662 2222 2662 2222 3731 1984 3731
2898 3623 2467 3623 2467 2025 1922 2025
2307 371 2526 371 2526 3733 3007 3733
52 3112 796 3112 796 1906 1877 1906
3694 2225 1718 2225 1718 2191 1633 2191
3009 1487 655 1487 655 708 174 708
881 2751 1223 2751 1223 807 2688 807
101 2053 3184 2053 3184 2531 3737 2531
2986 320 959 320 959 21 505 21
3551 822 3590 822 3590 1559 3847 1559
2779 1678 2700 1678 2700 141 2667 141
3881 1847 1131 1847 1131 4063 432 4063
721 3358 1088 3358 1088 119 2993 119
3813 885 3214 885 3214 3592 2873 3592
2878 1668 3194 1668 3194 3627 3957 3627
1947 3941 1834 3941 1834 3433 1353 3433
1896 914 2058 914 2058 2036 2863 2036
2180 686 1461 686 1461 1268 230 1268
2119 1291 2386 1291 2386 3753 3507 3753
1838 3539 1965 3539 1965 3976 1990 3976
577 563 1864 563 1864 2984 2903 2984
1157 3750 1122 3750 1122 811 966 811
1742 447 1002 447 1002 323 529 323
3939 3149 3124 3149 3124 529 2767 529
1278 429 2183 429 2183 2487 2664 2487
2766 675 2798 675 2798 3321 2937 3321
2539 1442 2702 1442 2702 3200 3230 3200
1274 3689 355 3689 355 93 49 93
986 2054 2063 2054 2063 160 3897 160
1666 490 1438 490 1438 3345 569 3345
2005 162 1958 162 1958 862 1909 862
1952 3031 958 3031 958 2441 627 2441
1638 3654 619 3654 619 1303 381 1303
1880 990 1797 990 1797 2615 1553 2615
934 1925 948 1925 948 1671 1007 1671
570 1430 1095 1430 1095 1345 1271 1345
1794 653 1651 653 1651 1422 1538 1422
330 138 533 138 533 3355 747 3355
1918 3738 1814 3738 1814 929 775 929
278 3184 329 3184 329 1407 354 1407
109 3708 1300 3708 1300 2613 1781 2613
96 3301 175 3301 175 304 320 304
488 3599 1015 3599 1015 3607 1664 3607
426 3669 1020 3669 1020 1309 1051 1309
295 236 334 236 334 545 665 545
1169 1769 616 1769 616 1394 531 1394
1829 2914 1734 2914 1734 1078 477 1078
1652 1701 694 1701 694 2992 681 2992
1604 2119 1077 2119 1077 217 1028 217
1650 3861 1650 1995 1328 1995 1328 1943
530 2226 729 2226 729 3379 790 3379
587 818 388 818 388 2892 327 2892
116 991 757 991 757 3788 974 3788
1173 4065 1154 4065 1154 2220 1148 2220
1081 3880 1026 3880 1026 1469 989 1469
681 3674 686 3674 686 932 960 932
1842 3857 1837 3857 1837 859 1788 859
353 3030 1168 3030 1168 2689 1206 2689
771 1228 739 1228 739 3593 702 3593
1740 2653 1654 2653 1654 1760 417 1760
167 2999 566 2999 566 895 831 895
631 941 864 941 864 1655 1653 1655
786 4069 334 4069 334 3917 265 3917
72 3526 212 3526 212 2819 1144 2819
562 3145 856 3145 856 2535 1791 2535
1774 2705 1783 2705 1783 3737 1889 3737
1325 3304 1236 3304 1236 3839 755 3839
1837 2998 1686 2998 1686 2314 1391 2314
1374 3108 644 3108 644 2926 157 2926
1593 3104 2039 3104 2039 2282 2040 2282
559 2897 633 2897 633 3844 738 3844
126 2433 1150 2433 1150 2363 1307 2363
741 3774 1520 3774 1520 3749 1777 3749
1526 2135 1528 2135 1528 3915 1729 3915
633 2546 1268 2546 1268 3596 1869 3596
1899 3150 1885 3150 1885 2065 1854 2065
402 2323 1076 2323 1076 3796 1289 3796
1515 2118 1886 2118 1886 3030 1989 3030
1930 3366 443 3366 443 3282 108 3282
208 2499 144 2499 144 2525 69 2525
325 2231 392 2231 392 2397 657 2397
1540 2313 1505 2313 1505 2257 967 2257
1411 2999 737 2999 737 2956 598 2956
588 2235 811 2235 811 2223 1412 2223
839 2495 862 2495 862 2379 881 2379
1065 2089 1154 2089 1154 2799 1350 2799
1115 2322 686 2322 686 2310 625 2310
431 2260 202 2260 202 2128 138 2128
618 2153 535 2153 535 2438 509 2438
473 2405 1180 2405 1180 2214 1661 2214
797 2459 788 2459 788 2050 762 2050
881 2462 1303 2462 1303 2384 1350 2384
1489 2478 1355 2478 1355 2056 1294 2056
1476 2453 1301 2453 1301 2175 1148 2175
1331 2167 1290 2167 1290 2293 1153 2293
1712 2523 1721 2523 1721 2049 1827 2049
1167 2127 1811 2127 1811 2232 1932 2232
1955 2200 1908 2200 1908 2250 1859 2250
1759 2060 1722 2060 1722 2182 1661 2182
1896 2074 1801 2074 1801 2132 1740 2132
1545 2082 1624 2082 1624 2258 1760 2258
1384 2242 1315 2242 1315 2069 1098 2069
1478 2227 1572 2227 1572 2237 1603 2237
1361 2206 1193 2206 1193 2301 1174 2301
1036 2287 1306 2287 1306 2247 1835 2247
1762 2213 1709 2213 1709 2294 1156 2294
1156 2199 1126 2199 1126 2285 1065 2285
1247 2203 1351 2203 1351 2186 1374 2186
1033 2203 1167 2203 1167 2213 1270 2213
1229 2210 1134 2210 1134 2224 1125 2224
1401 2216 1318 2216 1318 2196 1074 2196
1419 2198 1352 2198 1352 2232 1336 2232
1492 2230 1346 2230 1346 2206 1333 2206
1172 2176 1168 2176 1168 2213 1107 2213
1456 2193 1373 2193 1373 2211 1172 2211
1216 2222 1263 2222 1263 2209 1393 2209
1118 2181 1104 2181 1104 2184 1085 2184
1436 2229 1435 2229 1435 2201
1371 2184 1375 2184 1375 2227 1432 2227
1359 2214 1486 2214 1486 2237 1511 2237
1283 2233 1292 2233 1292 2228 1398 2228
1290 2199 1309 2199 1309 2177 1310 2177
